3.542209e-01
3.531702e-01
3.543229e-01
3.534842e-01
3.532867e-01
3.535347e-01
3.537788e-01
3.539331e-01
3.496401e-01
3.511934e-01
3.525186e-01
3.525386e-01
3.530164e-01
3.515384e-01
3.506682e-01
3.507490e-01
3.506591e-01
3.531814e-01
3.509717e-01
3.524613e-01
3.524063e-01
3.519545e-01
3.536282e-01
3.511803e-01
3.517704e-01
3.513172e-01
3.509333e-01
3.512089e-01
3.536170e-01
3.511446e-01
3.528068e-01
3.511801e-01
3.513169e-01
3.506312e-01
3.508158e-01
3.513732e-01
3.532057e-01
3.505235e-01
3.505814e-01
3.536341e-01
3.513238e-01
3.509400e-01
3.508284e-01
3.512323e-01
3.505445e-01
3.512032e-01
3.516545e-01
3.510487e-01
3.513250e-01
3.512464e-01
3.519762e-01
3.514884e-01
3.503304e-01
3.517270e-01
3.511565e-01
3.515356e-01
3.526840e-01
3.530643e-01
3.513355e-01
3.523326e-01
3.498399e-01
3.528593e-01
3.531244e-01
3.510697e-01
3.514528e-01
3.507543e-01
3.517313e-01
3.521318e-01
3.513000e-01
3.520651e-01
3.510969e-01
3.520317e-01
3.512998e-01
3.510363e-01
3.525255e-01
3.503828e-01
3.505802e-01
3.521438e-01
3.528409e-01
3.509881e-01
3.506713e-01
3.524206e-01
3.510108e-01
3.517280e-01
3.534653e-01
3.521359e-01
3.506999e-01
3.524339e-01
3.531375e-01
3.502898e-01
3.513770e-01
3.518424e-01
3.517942e-01
3.519690e-01
3.543496e-01
3.508301e-01
3.553941e-01
3.520072e-01
3.554735e-01
3.527272e-01
3.544624e-01
3.548148e-01
3.534327e-01
3.550134e-01
3.551133e-01
3.538401e-01
3.522842e-01
3.525944e-01
3.550782e-01
3.520827e-01
3.516707e-01
3.505809e-01
3.541503e-01
3.514440e-01
3.531287e-01
3.523867e-01
3.548021e-01
3.552213e-01
3.618152e-01
3.614788e-01
3.599010e-01
3.609419e-01
3.604460e-01
3.615730e-01
3.608346e-01
3.612158e-01
3.610585e-01
3.626463e-01
3.612509e-01
3.613048e-01
3.605618e-01
3.600016e-01
3.597455e-01
3.601115e-01
3.601561e-01
3.607836e-01
3.617244e-01
3.722317e-01
3.717120e-01
3.720536e-01
3.716626e-01
3.711302e-01
3.716362e-01
3.712301e-01
3.704870e-01
3.692827e-01
3.695881e-01
3.693144e-01
3.694062e-01
3.687806e-01
3.684464e-01
3.684502e-01
3.684318e-01
3.686724e-01
3.696971e-01
3.684809e-01
3.686824e-01
3.688958e-01
3.686919e-01
3.707173e-01
3.699942e-01
3.693480e-01
3.702588e-01
3.686998e-01
3.692322e-01
3.693392e-01
3.688090e-01
3.692353e-01
3.686562e-01
3.727403e-01
3.695309e-01
3.689439e-01
