1.195192e-02
1.139140e-02
1.137352e-02
1.134658e-02
1.109409e-02
1.113343e-02
1.141191e-02
1.149678e-02
1.119399e-02
1.252961e-02
1.129580e-02
1.138353e-02
1.132321e-02
1.133513e-02
1.145267e-02
1.152611e-02
1.140475e-02
1.124334e-02
1.131654e-02
1.141858e-02
1.151085e-02
1.136422e-02
1.139259e-02
1.135349e-02
1.146698e-02
1.152349e-02
1.155567e-02
1.140666e-02
1.120925e-02
1.128387e-02
1.134896e-02
1.152706e-02
1.151967e-02
1.136708e-02
1.144862e-02
1.159668e-02
1.144004e-02
1.139069e-02
1.141191e-02
1.154780e-02
1.141930e-02
1.148701e-02
1.142335e-02
1.133561e-02
1.163316e-02
1.143575e-02
1.139760e-02
1.148152e-02
1.153731e-02
1.131845e-02
1.137090e-02
1.138616e-02
1.120353e-02
1.131439e-02
1.141787e-02
1.126719e-02
1.155901e-02
1.143098e-02
1.127672e-02
1.143861e-02
1.160192e-02
1.152325e-02
1.151276e-02
1.131201e-02
1.130033e-02
1.151180e-02
1.121998e-02
1.154661e-02
1.146078e-02
1.151395e-02
1.153326e-02
1.129174e-02
1.140380e-02
1.118326e-02
1.147747e-02
1.142621e-02
1.121449e-02
1.125836e-02
1.144433e-02
1.147747e-02
1.142621e-02
1.152086e-02
1.131725e-02
1.147652e-02
1.122212e-02
1.152039e-02
1.155663e-02
1.139140e-02
1.140285e-02
1.131821e-02
1.136112e-02
1.142240e-02
1.153517e-02
1.152945e-02
1.119971e-02
1.133037e-02
1.130748e-02
1.137042e-02
1.143527e-02
1.144266e-02
1.149535e-02
1.153398e-02
1.145887e-02
1.125264e-02
1.143026e-02
1.132441e-02
1.141095e-02
1.139474e-02
1.142788e-02
1.120019e-02
1.129913e-02
1.142406e-02
1.133728e-02
1.138401e-02
1.135135e-02
1.141572e-02
1.132822e-02
1.128411e-02
1.125312e-02
1.139188e-02
1.129436e-02
1.140022e-02
1.140428e-02
1.141977e-02
1.139760e-02
1.115036e-02
1.132941e-02
1.142693e-02
1.146746e-02
1.159358e-02
1.147175e-02
1.134396e-02
1.141381e-02
1.148725e-02
1.147532e-02
1.147103e-02
1.132345e-02
1.142645e-02
1.132417e-02
1.120806e-02
1.121140e-02
1.127934e-02
1.139331e-02
1.146913e-02
1.114678e-02
1.383519e-02
1.153302e-02
1.129270e-02
1.137447e-02
1.143408e-02
1.141357e-02
1.128531e-02
1.147079e-02
1.154804e-02
1.133227e-02
1.128793e-02
1.133871e-02
1.130509e-02
1.138878e-02
1.142359e-02
1.152873e-02
1.140952e-02
1.147294e-02
1.121616e-02
1.127601e-02
1.108599e-02
1.122594e-02
1.144171e-02
1.127887e-02
1.129627e-02
1.127219e-02
1.139045e-02
1.144409e-02
1.127863e-02
1.128697e-02
1.126575e-02
1.140547e-02
1.128936e-02
1.131153e-02
1.133299e-02
1.117659e-02
1.155663e-02
1.156902e-02
1.251769e-02
1.135778e-02
1.150465e-02
1.115298e-02
1.132035e-02
1.132965e-02
1.145053e-02
1.147461e-02
1.128864e-02
1.122880e-02
1.150441e-02
1.149774e-02
1.140070e-02
1.141524e-02
1.139355e-02
1.149178e-02
1.139784e-02
1.139069e-02
1.139808e-02
1.138234e-02
1.153755e-02
1.157188e-02
1.158381e-02
1.152468e-02
1.140642e-02
1.137686e-02
1.152682e-02
1.132059e-02
1.131153e-02
1.141763e-02
1.142478e-02
1.153803e-02
1.161170e-02
1.150823e-02
1.133490e-02
1.131177e-02
1.152205e-02
1.139331e-02
1.127481e-02
1.142454e-02
1.145387e-02
1.137114e-02
1.133537e-02
1.152563e-02
1.130414e-02
1.152658e-02
1.129460e-02
1.140857e-02
1.130247e-02
1.139522e-02
1.142097e-02
1.141095e-02
1.123381e-02
1.115942e-02
1.128983e-02
1.130486e-02
1.107121e-02
1.135921e-02
1.142931e-02
1.133251e-02
1.139808e-02
1.124048e-02
1.132464e-02
1.138592e-02
1.139760e-02
1.151347e-02
1.147604e-02
1.141763e-02
1.147985e-02
1.107621e-02
1.111746e-02
1.128173e-02
1.140976e-02
1.140261e-02
1.132774e-02
1.106286e-02
1.108050e-02
1.116633e-02
1.141000e-02
1.128435e-02
1.129818e-02
1.144338e-02
1.162553e-02
1.136899e-02
1.139688e-02
1.111722e-02
1.136613e-02
1.147223e-02
1.131630e-02
1.123762e-02
1.120877e-02
1.120043e-02
1.137853e-02
1.132965e-02
1.152349e-02
1.131558e-02
1.122046e-02
1.125479e-02
1.147413e-02
1.164603e-02
1.146698e-02
1.139951e-02
1.154804e-02
1.148129e-02
1.139355e-02
1.125097e-02
1.128054e-02
1.144338e-02
1.160622e-02
1.171160e-02
1.130295e-02
1.148963e-02
1.149416e-02
1.123905e-02
1.144266e-02
1.145458e-02
1.125002e-02
1.129866e-02
1.135588e-02
1.154017e-02
1.128364e-02
1.127744e-02
1.142526e-02
1.151228e-02
1.130652e-02
1.152635e-02
1.155996e-02
1.151657e-02
1.163578e-02
1.160002e-02
1.145625e-02
1.140261e-02
1.150179e-02
1.135421e-02
1.145315e-02
1.128912e-02
1.140690e-02
1.119208e-02
1.119637e-02
1.127005e-02
1.147199e-02
1.138377e-02
1.127100e-02
1.127839e-02
1.144695e-02
1.129651e-02
1.160288e-02
1.145387e-02
1.130986e-02
1.130462e-02
1.233649e-02
1.157045e-02
1.163626e-02
1.136851e-02
1.149988e-02
1.128840e-02
1.136875e-02
1.130247e-02
1.136231e-02
1.144290e-02
1.157117e-02
1.150870e-02
1.137614e-02
1.117682e-02
1.133370e-02
1.152921e-02
1.129627e-02
1.150703e-02
1.121211e-02
1.130390e-02
1.140785e-02
1.151943e-02
1.143074e-02
1.130247e-02
1.128793e-02
1.117706e-02
1.126885e-02
1.134706e-02
1.139784e-02
1.163268e-02
1.148748e-02
1.133370e-02
1.129651e-02
1.126552e-02
1.120949e-02
1.112819e-02
1.133275e-02
1.109695e-02
1.122403e-02
1.148129e-02
1.149940e-02
1.137090e-02
1.133037e-02
1.140714e-02
1.139569e-02
1.126862e-02
1.138854e-02
1.152945e-02
1.131058e-02
1.151967e-02
1.144958e-02
1.131558e-02
1.150155e-02
1.137400e-02
1.135898e-02
1.141334e-02
1.130915e-02
1.139760e-02
1.146865e-02
1.120281e-02
1.147318e-02
1.146412e-02
1.140046e-02
1.131272e-02
1.106215e-02
1.118731e-02
1.142168e-02
1.138234e-02
1.156521e-02
1.156569e-02
1.131821e-02
1.114488e-02
1.108336e-02
1.111197e-02
1.117468e-02
1.145744e-02
1.127839e-02
1.134920e-02
1.123405e-02
1.110411e-02
1.131296e-02
1.139951e-02
1.139688e-02
1.149416e-02
1.125693e-02
1.133704e-02
1.143360e-02
1.145220e-02
1.134539e-02
1.128411e-02
1.143932e-02
1.143742e-02
1.136684e-02
1.131535e-02
1.147294e-02
1.155257e-02
1.147366e-02
1.134324e-02
1.134157e-02
1.130915e-02
1.126695e-02
1.141167e-02
1.123738e-02
1.132035e-02
1.139784e-02
1.134777e-02
1.163006e-02
1.139379e-02
1.138830e-02
1.138949e-02
1.125717e-02
1.133990e-02
1.120853e-02
1.126337e-02
1.138759e-02
1.142621e-02
1.149106e-02
1.143551e-02
1.148415e-02
1.126409e-02
1.133060e-02
1.151299e-02
1.151395e-02
1.128578e-02
1.151752e-02
1.142097e-02
1.148582e-02
1.130414e-02
1.125026e-02
1.140165e-02
1.129484e-02
1.128483e-02
1.158476e-02
1.150656e-02
1.142025e-02
1.165485e-02
1.149273e-02
1.137948e-02
1.125884e-02
1.146173e-02
1.146078e-02
1.132655e-02
1.129937e-02
1.120472e-02
1.118898e-02
1.119351e-02
1.122355e-02
1.126790e-02
1.148939e-02
1.151991e-02
1.159620e-02
1.133394e-02
1.129532e-02
1.146770e-02
1.142097e-02
1.155591e-02
1.148939e-02
1.142120e-02
1.151037e-02
1.137805e-02
1.147676e-02
1.133275e-02
1.141500e-02
1.154566e-02
1.130342e-02
1.133847e-02
1.131630e-02
1.155090e-02
1.134920e-02
1.160526e-02
1.136208e-02
1.140213e-02
1.137543e-02
1.116800e-02
1.130009e-02
1.139140e-02
1.136017e-02
1.131630e-02
1.133752e-02
1.132250e-02
1.128411e-02
1.143694e-02
1.130962e-02
1.131439e-02
1.132178e-02
1.130128e-02
1.156425e-02
1.129675e-02
1.147056e-02
1.148796e-02
1.146364e-02
1.138234e-02
1.120925e-02
1.133633e-02
1.149464e-02
1.144934e-02
1.137447e-02
1.152563e-02
1.129174e-02
1.113868e-02
1.118326e-02
1.141357e-02
1.163197e-02
1.152301e-02
1.147985e-02
1.141429e-02
1.134324e-02
1.149654e-02
1.141429e-02
1.121879e-02
1.116729e-02
1.126289e-02
1.117539e-02
1.130009e-02
1.135898e-02
1.128340e-02
1.135659e-02
1.140523e-02
1.124668e-02
1.152372e-02
1.270485e-02
1.123476e-02
1.140761e-02
1.128745e-02
1.151562e-02
1.129413e-02
1.127195e-02
1.142478e-02
1.137614e-02
1.126099e-02
1.144481e-02
1.154661e-02
1.131701e-02
1.106071e-02
1.126957e-02
1.140165e-02
1.139474e-02
1.134729e-02
1.144338e-02
1.144290e-02
1.143670e-02
1.142764e-02
1.140141e-02
1.151204e-02
1.119447e-02
1.126814e-02
1.131248e-02
1.151323e-02
1.149821e-02
1.141572e-02
1.140571e-02
1.118255e-02
1.135087e-02
1.146626e-02
1.136231e-02
1.144028e-02
1.151252e-02
1.153636e-02
1.143956e-02
1.116419e-02
1.134872e-02
1.148891e-02
1.131964e-02
1.140094e-02
1.139736e-02
1.163483e-02
1.157713e-02
1.137543e-02
1.149178e-02
1.145077e-02
1.140213e-02
1.151156e-02
1.147294e-02
1.128340e-02
1.140714e-02
1.107478e-02
1.116395e-02
1.116991e-02
1.136613e-02
1.131058e-02
1.134515e-02
1.152754e-02
1.129484e-02
1.140237e-02
1.135588e-02
1.123476e-02
1.141167e-02
1.141620e-02
1.139402e-02
1.149893e-02
1.120138e-02
1.117826e-02
1.135850e-02
1.134562e-02
1.142120e-02
1.142788e-02
1.137233e-02
1.123285e-02
1.282144e-02
1.139450e-02
1.135015e-02
1.140428e-02
1.122570e-02
1.142359e-02
1.139712e-02
1.152253e-02
1.150846e-02
1.141191e-02
1.141071e-02
1.134729e-02
1.126623e-02
1.157069e-02
1.131606e-02
1.115203e-02
1.141858e-02
1.141667e-02
1.138067e-02
1.121020e-02
1.147246e-02
1.145697e-02
1.141405e-02
1.136875e-02
1.128602e-02
1.144004e-02
1.130247e-02
1.142669e-02
1.141024e-02
1.140881e-02
1.145506e-02
1.120257e-02
1.117039e-02
1.130891e-02
1.122093e-02
1.130819e-02
1.125503e-02
1.136875e-02
1.142001e-02
1.155567e-02
1.129532e-02
1.131821e-02
1.121736e-02
1.140237e-02
1.132441e-02
1.146579e-02
1.130271e-02
1.134086e-02
1.117373e-02
1.145053e-02
1.133251e-02
1.150489e-02
1.404595e-02
1.130080e-02
1.143074e-02
1.158357e-02
1.145434e-02
1.137590e-02
1.134038e-02
1.155925e-02
1.132035e-02
1.120329e-02
1.123381e-02
1.143861e-02
1.160884e-02
1.154995e-02
1.143432e-02
1.142192e-02
1.145864e-02
1.140261e-02
1.138020e-02
1.152110e-02
1.788902e-02
1.128173e-02
1.132131e-02
1.132202e-02
1.139355e-02
1.132107e-02
1.121521e-02
1.142073e-02
1.142263e-02
1.139784e-02
1.133227e-02
1.131320e-02
1.155472e-02
1.143527e-02
1.137948e-02
1.158357e-02
1.150537e-02
1.138592e-02
1.141667e-02
1.120114e-02
1.144886e-02
1.149750e-02
1.141238e-02
1.147389e-02
1.132441e-02
1.144385e-02
1.151347e-02
1.149607e-02
1.156020e-02
1.158714e-02
1.128268e-02
1.111269e-02
1.129889e-02
1.128316e-02
1.120281e-02
1.115179e-02
1.147819e-02
1.162791e-02
1.146245e-02
1.139283e-02
1.127577e-02
1.126361e-02
1.137829e-02
1.126552e-02
1.130295e-02
1.127529e-02
1.131177e-02
1.142168e-02
1.130295e-02
1.137352e-02
1.145720e-02
1.141715e-02
1.153135e-02
1.115060e-02
1.127028e-02
1.129508e-02
1.127410e-02
1.141763e-02
1.185250e-02
1.117015e-02
1.129985e-02
1.147223e-02
1.149154e-02
1.128435e-02
1.125956e-02
1.139593e-02
1.147485e-02
1.139593e-02
1.141715e-02
1.141167e-02
1.134658e-02
1.145458e-02
1.106215e-02
1.136398e-02
1.149344e-02
1.124620e-02
1.145315e-02
1.147890e-02
1.137352e-02
1.105833e-02
1.143956e-02
1.144385e-02
1.130056e-02
1.137042e-02
1.131558e-02
1.136446e-02
1.128101e-02
1.122236e-02
1.152968e-02
1.153183e-02
1.106977e-02
1.134205e-02
1.121759e-02
1.147580e-02
1.158047e-02
1.111579e-02
1.142168e-02
1.117349e-02
1.128697e-02
1.133537e-02
1.136208e-02
1.121283e-02
1.138115e-02
1.117849e-02
1.117635e-02
1.139426e-02
1.146960e-02
1.143551e-02
1.136684e-02
1.142907e-02
1.148939e-02
1.133347e-02
1.125193e-02
1.136494e-02
1.152897e-02
1.133156e-02
1.130581e-02
1.143122e-02
1.147056e-02
1.149011e-02
1.141691e-02
1.124859e-02
1.131058e-02
1.140594e-02
1.153684e-02
1.141500e-02
1.141596e-02
1.148725e-02
1.138282e-02
1.147437e-02
1.149368e-02
1.112199e-02
1.130676e-02
1.144147e-02
1.122379e-02
1.142144e-02
1.154447e-02
1.126003e-02
1.139975e-02
1.141310e-02
1.141930e-02
1.135540e-02
1.127005e-02
1.132560e-02
1.137137e-02
1.141810e-02
1.132011e-02
1.160455e-02
1.134205e-02
1.122212e-02
1.140380e-02
1.132607e-02
1.149631e-02
1.138973e-02
1.147270e-02
1.135349e-02
1.117063e-02
1.139116e-02
1.144600e-02
1.133156e-02
1.116419e-02
1.134205e-02
1.124978e-02
1.144242e-02
1.157045e-02
1.148391e-02
1.111436e-02
1.114917e-02
1.138783e-02
1.140141e-02
1.144552e-02
1.139998e-02
1.121473e-02
1.149750e-02
1.156545e-02
1.150870e-02
1.158667e-02
1.128793e-02
1.114273e-02
1.113367e-02
1.122499e-02
1.133251e-02
1.116180e-02
1.132083e-02
1.155233e-02
1.156020e-02
1.152277e-02
1.155829e-02
1.129794e-02
1.157069e-02
1.156187e-02
1.141310e-02
1.138139e-02
1.131296e-02
1.139188e-02
1.152062e-02
1.114273e-02
1.125765e-02
1.141143e-02
1.129127e-02
1.121712e-02
1.133704e-02
1.116347e-02
1.115775e-02
1.142383e-02
1.127195e-02
1.132321e-02
1.144099e-02
1.158643e-02
1.150584e-02
1.127791e-02
1.119566e-02
1.147461e-02
1.135349e-02
1.137567e-02
1.131344e-02
1.142073e-02
1.142764e-02
1.119399e-02
1.127028e-02
1.116443e-02
1.136088e-02
1.137710e-02
1.140022e-02
1.308393e-02
1.134968e-02
1.132369e-02
1.144505e-02
1.120830e-02
1.130223e-02
1.148081e-02
1.128507e-02
1.142550e-02
1.130533e-02
1.159286e-02
1.154661e-02
1.126766e-02
1.135588e-02
1.151872e-02
1.143742e-02
1.139784e-02
3.287292e-02
1.148796e-02
1.134133e-02
1.152778e-02
1.173067e-02
1.149845e-02
1.149416e-02
1.160264e-02
1.148987e-02
1.118279e-02
1.118922e-02
1.142216e-02
1.151752e-02
1.150417e-02
1.131821e-02
1.145697e-02
1.141644e-02
1.132894e-02
1.133728e-02
1.154661e-02
1.141429e-02
1.135159e-02
1.138735e-02
1.136804e-02
1.141524e-02
1.144767e-02
1.161575e-02
1.130629e-02
1.127076e-02
1.154232e-02
1.143193e-02
1.145482e-02
1.119328e-02
1.120901e-02
1.144242e-02
1.130366e-02
1.133180e-02
1.151657e-02
1.149273e-02
1.126647e-02
1.133585e-02
1.139212e-02
1.130319e-02
1.148272e-02
1.127195e-02
1.151705e-02
1.126456e-02
1.145673e-02
1.128697e-02
1.147914e-02
1.147032e-02
1.158571e-02
1.153040e-02
1.140738e-02
1.147223e-02
1.141810e-02
