1.436923e+00
1.434778e+00
1.435074e+00
1.432544e+00
1.433907e+00
1.433773e+00
1.434659e+00
1.435718e+00
1.435652e+00
1.434515e+00
1.434554e+00
1.434616e+00
1.433655e+00
1.434849e+00
1.435130e+00
1.433826e+00
1.433921e+00
1.434859e+00
1.436300e+00
1.434548e+00
1.433678e+00
1.434838e+00
1.434522e+00
1.434207e+00
1.435746e+00
1.435102e+00
1.434540e+00
1.435923e+00
1.433578e+00
1.435126e+00
1.435182e+00
1.433459e+00
1.433890e+00
1.435764e+00
1.398278e+00
1.398376e+00
1.399920e+00
1.438168e+00
1.437159e+00
1.437112e+00
1.436754e+00
1.437056e+00
1.436620e+00
