2.241135e-04
1.201630e-04
1.018047e-04
1.220703e-04
1.361370e-04
1.597404e-04
1.223087e-04
1.194477e-04
1.235008e-04
1.311302e-04
7.820129e-05
1.220703e-04
1.223087e-04
1.318455e-04
1.225471e-04
1.163483e-04
1.225471e-04
1.332760e-04
7.867813e-05
1.161098e-04
1.254082e-04
1.316071e-04
7.987022e-05
1.261234e-04
1.220703e-04
1.316071e-04
7.748604e-05
1.263618e-04
1.127720e-04
1.318455e-04
7.843971e-05
1.161098e-04
1.220703e-04
1.325607e-04
1.220703e-04
1.163483e-04
1.122952e-04
1.316071e-04
1.225471e-04
1.225471e-04
1.218319e-04
1.320839e-04
1.213551e-04
1.163483e-04
1.127720e-04
1.342297e-04
1.220703e-04
1.165867e-04
3.987789e-03
1.251698e-04
1.163483e-04
1.170635e-04
1.130104e-04
1.125336e-04
1.215935e-04
1.173019e-04
1.213551e-04
1.132488e-04
1.130104e-04
1.187325e-04
1.161098e-04
1.130104e-04
1.118183e-04
1.194477e-04
1.211166e-04
1.130104e-04
1.149178e-04
1.227856e-04
1.089573e-04
1.153946e-04
1.180172e-04
1.213551e-04
1.211166e-04
1.130104e-04
1.118183e-04
1.213551e-04
1.206398e-04
1.134872e-04
1.161098e-04
1.204014e-04
1.194477e-04
1.256466e-04
1.163483e-04
1.122952e-04
1.392365e-04
1.125336e-04
1.189709e-04
1.161098e-04
1.211166e-04
1.151562e-04
1.120567e-04
1.213551e-04
1.215935e-04
1.122952e-04
1.177788e-04
1.122952e-04
1.082420e-04
1.120567e-04
1.156330e-04
1.139641e-04
1.091957e-04
1.456738e-04
1.087189e-04
1.220703e-04
1.087189e-04
1.456738e-04
1.175404e-04
1.211166e-04
1.089573e-04
1.420975e-04
1.173019e-04
1.211166e-04
1.142025e-04
1.423359e-04
1.206398e-04
1.149178e-04
1.130104e-04
1.449585e-04
1.175404e-04
1.211166e-04
1.084805e-04
1.420975e-04
1.213551e-04
1.239777e-04
1.211166e-04
1.428127e-04
1.215935e-04
1.230240e-04
1.089573e-04
1.430511e-04
1.173019e-04
1.211166e-04
1.204014e-04
1.459122e-04
1.206398e-04
1.211166e-04
1.206398e-04
1.425743e-04
1.173019e-04
1.149178e-04
1.094341e-04
1.397133e-04
1.175404e-04
1.146793e-04
1.096725e-04
1.444817e-04
1.180172e-04
1.182556e-04
1.091957e-04
1.425743e-04
1.175404e-04
1.151562e-04
1.206398e-04
1.459122e-04
1.199245e-04
1.201630e-04
1.096725e-04
1.454353e-04
1.206398e-04
1.204014e-04
1.201630e-04
1.461506e-04
1.175404e-04
1.175404e-04
1.120567e-04
1.449585e-04
1.173019e-04
1.177788e-04
1.084805e-04
1.442432e-04
1.208782e-04
1.149178e-04
1.206398e-04
1.432896e-04
1.208782e-04
1.213551e-04
1.206398e-04
1.528263e-04
1.196861e-04
1.144409e-04
1.208782e-04
1.423359e-04
1.184940e-04
1.242161e-04
1.206398e-04
1.440048e-04
1.173019e-04
1.244545e-04
1.208782e-04
1.444817e-04
1.177788e-04
1.163483e-04
1.094341e-04
1.428127e-04
1.206398e-04
1.204014e-04
1.087189e-04
1.428127e-04
1.184940e-04
1.146793e-04
1.084805e-04
1.461506e-04
1.204014e-04
1.213551e-04
1.208782e-04
1.423359e-04
1.180172e-04
1.273155e-04
1.237392e-04
1.461506e-04
1.208782e-04
1.237392e-04
1.175404e-04
1.456738e-04
1.184940e-04
1.146793e-04
1.089573e-04
1.509190e-04
1.204014e-04
1.208782e-04
1.208782e-04
1.444817e-04
1.175404e-04
1.211166e-04
1.096725e-04
1.456738e-04
1.325607e-04
1.146793e-04
1.213551e-04
1.428127e-04
1.206398e-04
1.149178e-04
1.235008e-04
1.435280e-04
1.175404e-04
1.149178e-04
1.208782e-04
1.511574e-04
1.175404e-04
1.149178e-04
1.177788e-04
1.451969e-04
1.177788e-04
1.208782e-04
1.094341e-04
1.461506e-04
1.170635e-04
1.213551e-04
1.199245e-04
1.423359e-04
1.199245e-04
1.232624e-04
1.182556e-04
1.423359e-04
1.182556e-04
1.149178e-04
1.182556e-04
1.442432e-04
1.173019e-04
1.235008e-04
1.094341e-04
1.459122e-04
1.182556e-04
1.149178e-04
1.299381e-04
1.432896e-04
1.175404e-04
1.206398e-04
1.122952e-04
1.425743e-04
1.204014e-04
1.211166e-04
1.173019e-04
1.459122e-04
1.180172e-04
1.194477e-04
1.206398e-04
1.423359e-04
1.173019e-04
1.215935e-04
1.082420e-04
1.428127e-04
1.208782e-04
1.184940e-04
1.208782e-04
1.411438e-04
1.187325e-04
1.149178e-04
1.161098e-04
1.425743e-04
1.173019e-04
1.144409e-04
1.096725e-04
1.420975e-04
1.211166e-04
1.089573e-04
1.208782e-04
1.077652e-04
1.120567e-04
1.211166e-04
8.845329e-05
1.091957e-04
1.101494e-04
1.177788e-04
1.208782e-04
1.204014e-04
1.120567e-04
1.206398e-04
1.192093e-04
1.208782e-04
1.091957e-04
1.208782e-04
1.175404e-04
1.223087e-04
1.115799e-04
1.204014e-04
8.797646e-05
1.215935e-04
1.320839e-04
1.206398e-04
8.940697e-05
1.149178e-04
1.313686e-04
1.208782e-04
8.606911e-05
1.206398e-04
1.306534e-04
1.204014e-04
1.175404e-04
1.120567e-04
1.285076e-04
1.175404e-04
8.845329e-05
1.151562e-04
1.313686e-04
1.206398e-04
1.175404e-04
1.239777e-04
1.313686e-04
1.204014e-04
1.192093e-04
1.182556e-04
1.313686e-04
1.177788e-04
1.211166e-04
1.149178e-04
1.308918e-04
1.208782e-04
1.180172e-04
1.158714e-04
1.311302e-04
1.199245e-04
8.702278e-05
1.149178e-04
1.311302e-04
1.173019e-04
8.726120e-05
1.556873e-04
1.308918e-04
1.211166e-04
1.211166e-04
1.211166e-04
1.273155e-04
1.206398e-04
1.206398e-04
1.149178e-04
1.280308e-04
1.213551e-04
8.893013e-05
1.211166e-04
1.318455e-04
1.182556e-04
1.208782e-04
1.201630e-04
1.277924e-04
1.208782e-04
8.630753e-05
1.165867e-04
1.320839e-04
1.187325e-04
1.180172e-04
1.149178e-04
1.342297e-04
1.213551e-04
1.206398e-04
1.206398e-04
1.335144e-04
1.211166e-04
8.964539e-05
1.189709e-04
1.339912e-04
1.211166e-04
1.182556e-04
1.153946e-04
1.330376e-04
1.173019e-04
8.630753e-05
1.211166e-04
1.337528e-04
1.175404e-04
8.702278e-05
1.146793e-04
1.308918e-04
1.213551e-04
1.206398e-04
1.201630e-04
1.342297e-04
1.175404e-04
1.204014e-04
1.142025e-04
1.301765e-04
1.175404e-04
8.893013e-05
1.242161e-04
1.339912e-04
7.390976e-05
1.163483e-04
1.525879e-04
1.091957e-04
1.077652e-04
1.115799e-04
1.177788e-04
8.583069e-05
1.206398e-04
1.115799e-04
1.204014e-04
1.196861e-04
1.096725e-04
1.103878e-04
1.189709e-04
8.893013e-05
1.208782e-04
1.118183e-04
1.173019e-04
9.441376e-05
1.108646e-04
1.108646e-04
1.206398e-04
8.654594e-05
1.084805e-04
1.156330e-04
1.313686e-04
1.115799e-04
1.208782e-04
1.239777e-04
1.311302e-04
1.113415e-04
1.201630e-04
1.213551e-04
1.311302e-04
1.177788e-04
1.204014e-04
1.211166e-04
1.313686e-04
1.111031e-04
1.094341e-04
1.146793e-04
1.299381e-04
1.113415e-04
1.187325e-04
1.156330e-04
1.313686e-04
1.177788e-04
1.208782e-04
1.225471e-04
1.318455e-04
1.082420e-04
1.089573e-04
1.149178e-04
1.313686e-04
1.177788e-04
1.206398e-04
1.201630e-04
1.294613e-04
1.120567e-04
1.094341e-04
1.208782e-04
1.306534e-04
1.139641e-04
1.084805e-04
1.211166e-04
1.313686e-04
1.106262e-04
1.175404e-04
1.146793e-04
1.316071e-04
1.101494e-04
1.206398e-04
1.153946e-04
1.339912e-04
1.144409e-04
1.087189e-04
1.246929e-04
1.292229e-04
1.177788e-04
1.208782e-04
1.149178e-04
1.311302e-04
1.103878e-04
1.204014e-04
1.177788e-04
1.308918e-04
1.113415e-04
1.206398e-04
1.177788e-04
1.311302e-04
1.177788e-04
1.173019e-04
1.149178e-04
1.342297e-04
1.175404e-04
1.101494e-04
1.146793e-04
1.311302e-04
1.180172e-04
1.175404e-04
1.199245e-04
1.308918e-04
1.113415e-04
1.087189e-04
1.208782e-04
1.313686e-04
1.177788e-04
1.182556e-04
1.146793e-04
1.306534e-04
1.184940e-04
1.177788e-04
1.149178e-04
1.313686e-04
1.182556e-04
1.084805e-04
1.149178e-04
1.363754e-04
1.111031e-04
1.206398e-04
1.235008e-04
1.273155e-04
1.595020e-04
1.175404e-04
1.091957e-04
1.192093e-04
1.151562e-04
1.456738e-04
1.192093e-04
1.146793e-04
1.173019e-04
1.459122e-04
1.206398e-04
1.206398e-04
1.089573e-04
1.459122e-04
1.208782e-04
1.149178e-04
1.091957e-04
1.425743e-04
1.206398e-04
1.073122e-03
1.208782e-04
1.432896e-04
1.177788e-04
1.211166e-04
1.206398e-04
1.420975e-04
1.211166e-04
1.146793e-04
1.175404e-04
1.459122e-04
1.175404e-04
1.187325e-04
9.179115e-05
1.211166e-04
1.122952e-04
1.182556e-04
8.583069e-05
1.165867e-04
1.122952e-04
1.227856e-04
8.869171e-05
1.208782e-04
1.108646e-04
1.180172e-04
1.211166e-04
1.089573e-04
1.120567e-04
1.206398e-04
1.177788e-04
1.235008e-04
1.096725e-04
1.184940e-04
8.630753e-05
1.096725e-04
1.101494e-04
1.182556e-04
1.177788e-04
1.087189e-04
1.161098e-04
1.189709e-04
1.254082e-04
1.196861e-04
1.089573e-04
1.206398e-04
1.175404e-04
1.096725e-04
1.125336e-04
1.206398e-04
8.940697e-05
1.094341e-04
1.146793e-04
1.173019e-04
1.173019e-04
1.091957e-04
1.113415e-04
1.208782e-04
9.202957e-05
1.096725e-04
1.189709e-04
1.308918e-04
1.113415e-04
1.208782e-04
1.208782e-04
1.313686e-04
1.113415e-04
1.091957e-04
1.170635e-04
1.339912e-04
1.173019e-04
1.184940e-04
1.223087e-04
1.294613e-04
1.151562e-04
1.184940e-04
1.204014e-04
1.451969e-04
1.208782e-04
1.096725e-04
1.175404e-04
1.456738e-04
1.211166e-04
1.194477e-04
1.194477e-04
1.456738e-04
1.175404e-04
1.180172e-04
1.175404e-04
1.456738e-04
1.170635e-04
1.127720e-04
1.173019e-04
1.459122e-04
1.244545e-04
1.184940e-04
8.559227e-05
1.423359e-04
1.177788e-04
1.206398e-04
8.702278e-05
1.454353e-04
1.156330e-04
1.118183e-04
9.512901e-05
1.542568e-04
1.175404e-04
1.208782e-04
1.208782e-04
1.459122e-04
1.206398e-04
1.206398e-04
1.173019e-04
1.428127e-04
1.230240e-04
1.211166e-04
1.187325e-04
1.463890e-04
1.194477e-04
1.225471e-04
1.208782e-04
1.437664e-04
1.208782e-04
1.206398e-04
1.206398e-04
1.459122e-04
1.187325e-04
1.139641e-04
1.189709e-04
1.461506e-04
1.270771e-04
1.206398e-04
8.916855e-05
1.432896e-04
1.177788e-04
1.099110e-04
9.202957e-05
1.459122e-04
1.215935e-04
1.091957e-04
8.869171e-05
1.461506e-04
1.273155e-04
1.091957e-04
8.964539e-05
1.459122e-04
1.201630e-04
1.175404e-04
8.893013e-05
1.425743e-04
1.201630e-04
1.208782e-04
1.204014e-04
1.454353e-04
1.213551e-04
1.204014e-04
1.206398e-04
1.425743e-04
1.199245e-04
1.204014e-04
8.797646e-05
1.432896e-04
1.196861e-04
1.206398e-04
8.964539e-05
1.397133e-04
1.230240e-04
1.091957e-04
1.206398e-04
1.440048e-04
1.235008e-04
1.175404e-04
8.893013e-05
1.423359e-04
1.535416e-04
1.204014e-04
1.289845e-04
1.208782e-04
1.206398e-04
8.964539e-05
1.313686e-04
1.208782e-04
1.082420e-04
1.208782e-04
1.316071e-04
1.211166e-04
1.080036e-04
1.204014e-04
1.313686e-04
1.173019e-04
1.096725e-04
8.702278e-05
1.311302e-04
1.177788e-04
1.091957e-04
8.916855e-05
1.306534e-04
1.175404e-04
1.227856e-04
8.559227e-05
1.282692e-04
1.204014e-04
1.175404e-04
1.182556e-04
1.287460e-04
1.204014e-04
1.175404e-04
8.964539e-05
1.313686e-04
1.738071e-04
1.208782e-04
1.363754e-04
1.206398e-04
1.432896e-04
1.208782e-04
1.211166e-04
1.206398e-04
1.418591e-04
1.208782e-04
1.139641e-04
1.175404e-04
1.430511e-04
1.177788e-04
1.146793e-04
1.208782e-04
1.518726e-04
1.208782e-04
1.146793e-04
1.187325e-04
1.456738e-04
1.211166e-04
1.173019e-04
1.199245e-04
1.456738e-04
1.213551e-04
1.211166e-04
1.206398e-04
1.423359e-04
1.184940e-04
1.177788e-04
1.196861e-04
1.428127e-04
1.204014e-04
1.146793e-04
1.094341e-04
1.461506e-04
1.201630e-04
1.235008e-04
1.208782e-04
1.456738e-04
1.187325e-04
1.211166e-04
1.211166e-04
1.435280e-04
1.204014e-04
1.149178e-04
1.177788e-04
1.456738e-04
1.175404e-04
1.273155e-04
1.113415e-04
1.428127e-04
1.177788e-04
1.144409e-04
1.208782e-04
1.449585e-04
1.182556e-04
1.134872e-04
1.087189e-04
1.435280e-04
1.206398e-04
1.144409e-04
1.125336e-04
1.451969e-04
1.180172e-04
1.208782e-04
1.177788e-04
1.404285e-04
1.208782e-04
1.175404e-04
1.175404e-04
1.413822e-04
1.227856e-04
1.146793e-04
1.089573e-04
1.456738e-04
1.175404e-04
1.146793e-04
1.182556e-04
1.423359e-04
1.206398e-04
1.146793e-04
1.196861e-04
1.449585e-04
1.175404e-04
1.208782e-04
1.089573e-04
1.420975e-04
1.187325e-04
1.142025e-04
1.177788e-04
1.463890e-04
1.206398e-04
1.211166e-04
1.075268e-04
1.442432e-04
1.177788e-04
1.146793e-04
1.096725e-04
1.444817e-04
1.199245e-04
1.146793e-04
1.113415e-04
1.456738e-04
1.208782e-04
1.151562e-04
1.175404e-04
1.420975e-04
1.187325e-04
1.146793e-04
1.199245e-04
1.430511e-04
1.173019e-04
1.213551e-04
1.208782e-04
1.435280e-04
1.173019e-04
1.211166e-04
1.206398e-04
1.459122e-04
1.180172e-04
1.146793e-04
1.094341e-04
1.442432e-04
1.189709e-04
1.142025e-04
1.087189e-04
1.425743e-04
1.213551e-04
1.146793e-04
1.187325e-04
1.459122e-04
1.180172e-04
1.180172e-04
1.208782e-04
1.430511e-04
1.208782e-04
1.144409e-04
1.122952e-04
1.425743e-04
1.175404e-04
1.146793e-04
1.204014e-04
1.487732e-04
1.175404e-04
1.149178e-04
1.101494e-04
1.449585e-04
1.213551e-04
1.120567e-04
1.211166e-04
1.425743e-04
1.206398e-04
1.156330e-04
1.094341e-04
1.442432e-04
1.206398e-04
1.149178e-04
1.175404e-04
1.454353e-04
1.194477e-04
1.149178e-04
1.091957e-04
1.456738e-04
1.187325e-04
1.177788e-04
1.096725e-04
1.428127e-04
1.175404e-04
1.213551e-04
1.204014e-04
1.418591e-04
1.175404e-04
1.127720e-04
1.056194e-04
1.425743e-04
1.173019e-04
1.149178e-04
1.213551e-04
1.459122e-04
1.211166e-04
1.215935e-04
1.170635e-04
1.287460e-04
1.380444e-04
1.108646e-04
1.208782e-04
1.177788e-04
1.153946e-04
1.146793e-04
1.409054e-04
1.184940e-04
1.122952e-04
1.080036e-04
1.094341e-04
1.163483e-04
1.122952e-04
1.122952e-04
1.206398e-04
9.036064e-05
1.864433e-04
1.823902e-04
2.012253e-04
1.189709e-04
1.173019e-04
1.161098e-04
1.277924e-04
1.211166e-04
8.964539e-05
1.204014e-04
1.313686e-04
1.170635e-04
8.630753e-05
1.244545e-04
1.280308e-04
1.206398e-04
1.206398e-04
1.187325e-04
1.287460e-04
1.213551e-04
1.177788e-04
1.218319e-04
1.308918e-04
1.182556e-04
1.204014e-04
1.206398e-04
1.313686e-04
1.173019e-04
8.773804e-05
1.151562e-04
1.313686e-04
1.194477e-04
8.916855e-05
1.156330e-04
