2.694130e-04
2.098083e-04
1.862049e-04
1.547337e-04
2.176762e-04
2.477169e-04
1.542568e-04
1.451969e-04
2.143383e-04
2.028942e-04
1.752377e-04
1.544952e-04
2.219677e-04
2.045631e-04
1.571178e-04
1.478195e-04
2.162457e-04
2.090931e-04
1.826286e-04
1.571178e-04
2.148151e-04
2.074242e-04
1.552105e-04
1.451969e-04
2.155304e-04
2.064705e-04
1.773834e-04
1.559258e-04
2.124310e-04
2.081394e-04
1.542568e-04
1.485348e-04
2.260208e-04
2.107620e-04
1.821518e-04
1.575947e-04
2.179146e-04
2.074242e-04
1.573563e-04
1.485348e-04
2.200603e-04
2.086163e-04
1.788139e-04
1.566410e-04
2.126694e-04
2.052784e-04
1.552105e-04
1.471043e-04
2.138615e-04
1.547337e-04
1.792908e-04
2.148151e-04
2.558231e-04
1.535416e-04
1.540184e-04
2.133846e-04
1.549721e-04
1.449585e-04
2.138615e-04
2.071857e-04
1.771450e-04
1.552105e-04
2.164841e-04
2.033710e-04
1.566410e-04
1.456738e-04
2.129078e-04
2.071857e-04
1.773834e-04
1.592636e-04
2.145767e-04
2.057552e-04
1.542568e-04
1.482964e-04
2.155304e-04
2.076626e-04
1.773834e-04
1.578331e-04
2.126694e-04
2.071857e-04
1.556873e-04
1.442432e-04
2.162457e-04
2.074242e-04
1.773834e-04
1.573563e-04
2.162457e-04
2.074242e-04
1.571178e-04
2.202988e-04
2.098083e-04
1.807213e-04
1.566410e-04
2.140999e-04
2.040863e-04
1.544952e-04
1.451969e-04
2.162457e-04
2.067089e-04
1.771450e-04
1.595020e-04
2.164841e-04
2.076626e-04
1.580715e-04
1.447201e-04
2.121925e-04
2.062321e-04
1.442432e-04
1.571178e-04
2.167225e-04
2.071857e-04
1.566410e-04
1.473427e-04
2.138615e-04
2.028942e-04
1.478195e-04
1.556873e-04
2.131462e-04
2.071857e-04
1.518726e-04
1.442432e-04
2.119541e-04
2.074242e-04
1.435280e-04
1.573563e-04
2.129078e-04
2.067089e-04
1.518726e-04
1.482964e-04
2.181530e-04
2.055168e-04
1.490116e-04
1.540184e-04
2.136230e-04
2.090931e-04
1.564026e-04
1.451969e-04
2.126694e-04
2.033710e-04
1.444817e-04
1.552105e-04
2.131462e-04
1.506805e-04
1.547337e-04
2.131462e-04
2.095699e-04
1.482964e-04
1.461506e-04
2.136230e-04
2.095699e-04
1.451969e-04
1.530647e-04
2.171993e-04
2.088547e-04
1.530647e-04
1.435280e-04
2.193451e-04
2.045631e-04
1.449585e-04
1.566410e-04
2.162457e-04
2.076626e-04
1.571178e-04
1.475811e-04
2.129078e-04
2.040863e-04
1.449585e-04
1.537800e-04
2.160072e-04
2.083778e-04
1.573563e-04
1.440048e-04
2.164841e-04
2.067089e-04
1.461506e-04
1.542568e-04
2.124310e-04
2.067089e-04
1.528263e-04
1.471043e-04
2.164841e-04
2.100468e-04
1.442432e-04
1.530647e-04
2.162457e-04
2.107620e-04
1.552105e-04
1.456738e-04
2.152920e-04
2.083778e-04
1.432896e-04
1.554489e-04
2.133846e-04
2.067089e-04
1.533031e-04
1.430511e-04
2.138615e-04
2.076626e-04
1.442432e-04
1.561642e-04
2.179146e-04
2.079010e-04
1.533031e-04
1.454353e-04
2.121925e-04
2.045631e-04
1.435280e-04
1.547337e-04
2.157688e-04
2.071857e-04
1.528263e-04
1.437664e-04
2.152920e-04
2.105236e-04
1.435280e-04
1.540184e-04
2.167225e-04
2.086163e-04
1.554489e-04
1.471043e-04
2.160072e-04
2.057552e-04
1.456738e-04
1.544952e-04
2.162457e-04
2.081394e-04
1.504421e-04
1.451969e-04
2.148151e-04
2.038479e-04
1.473427e-04
1.540184e-04
2.119541e-04
2.107620e-04
1.523495e-04
1.459122e-04
2.131462e-04
2.036095e-04
1.444817e-04
1.573563e-04
2.160072e-04
2.095699e-04
1.587868e-04
1.442432e-04
2.162457e-04
2.059937e-04
1.478195e-04
1.552105e-04
2.152920e-04
2.074242e-04
1.673698e-04
1.440048e-04
2.162457e-04
2.064705e-04
1.471043e-04
1.568794e-04
2.136230e-04
2.076626e-04
1.559258e-04
1.463890e-04
2.140999e-04
2.040863e-04
1.511574e-04
1.540184e-04
2.169609e-04
2.071857e-04
1.571178e-04
1.437664e-04
2.157688e-04
2.064705e-04
1.420975e-04
1.547337e-04
2.164841e-04
2.064705e-04
1.537800e-04
1.497269e-04
2.164841e-04
2.067089e-04
1.437664e-04
1.528263e-04
2.181530e-04
2.067089e-04
4.007339e-03
1.466274e-04
2.164841e-04
2.055168e-04
1.430511e-04
1.535416e-04
2.198219e-04
2.088547e-04
1.535416e-04
1.435280e-04
2.148151e-04
2.081394e-04
1.430511e-04
1.513958e-04
2.169609e-04
2.081394e-04
1.542568e-04
1.437664e-04
2.133846e-04
2.079010e-04
1.425743e-04
1.521111e-04
2.148151e-04
2.105236e-04
1.494884e-04
1.442432e-04
2.169609e-04
2.086163e-04
1.475811e-04
1.528263e-04
2.143383e-04
2.057552e-04
1.590252e-04
2.126694e-04
2.551079e-04
1.492500e-04
1.547337e-04
2.176762e-04
2.086163e-04
1.435280e-04
1.773834e-04
2.167225e-04
2.555847e-04
1.499653e-04
1.523495e-04
2.152920e-04
2.083778e-04
1.401901e-04
1.792908e-04
2.160072e-04
2.551079e-04
1.497269e-04
1.525879e-04
2.152920e-04
2.086163e-04
1.413822e-04
1.802444e-04
2.138615e-04
2.553463e-04
1.494884e-04
1.540184e-04
2.155304e-04
2.081394e-04
1.428127e-04
1.776218e-04
2.150536e-04
2.555847e-04
1.499653e-04
1.523495e-04
2.145767e-04
2.033710e-04
1.437664e-04
1.771450e-04
2.181530e-04
2.565384e-04
1.499653e-04
1.530647e-04
2.143383e-04
2.086163e-04
1.418591e-04
1.802444e-04
2.136230e-04
2.570152e-04
1.559258e-04
1.528263e-04
2.026558e-04
1.506805e-04
1.466274e-04
2.143383e-04
2.064705e-04
1.757145e-04
1.530647e-04
2.148151e-04
2.083778e-04
1.518726e-04
1.432896e-04
2.126694e-04
2.088547e-04
1.776218e-04
1.528263e-04
2.162457e-04
2.048016e-04
1.528263e-04
1.437664e-04
2.162457e-04
2.086163e-04
1.776218e-04
1.523495e-04
2.138615e-04
2.059937e-04
1.494884e-04
1.459122e-04
2.145767e-04
2.076626e-04
1.773834e-04
1.525879e-04
2.119541e-04
2.028942e-04
1.530647e-04
1.466274e-04
2.148151e-04
2.076626e-04
1.769066e-04
1.528263e-04
2.148151e-04
2.055168e-04
1.521111e-04
1.406670e-04
2.150536e-04
2.079010e-04
1.769066e-04
1.523495e-04
2.171993e-04
2.045631e-04
1.416206e-04
1.523495e-04
2.615452e-04
2.107620e-04
1.523495e-04
1.418591e-04
2.176762e-04
1.959801e-04
1.401901e-04
1.528263e-04
2.176762e-04
1.471043e-04
1.528263e-04
2.145767e-04
2.057552e-04
1.497269e-04
1.466274e-04
2.145767e-04
2.055168e-04
1.435280e-04
1.530647e-04
2.145767e-04
2.076626e-04
1.521111e-04
1.459122e-04
2.136230e-04
2.067089e-04
1.435280e-04
1.509190e-04
2.102852e-04
2.088547e-04
1.537800e-04
1.432896e-04
2.164841e-04
2.055168e-04
1.406670e-04
1.528263e-04
2.138615e-04
2.086163e-04
1.511574e-04
1.432896e-04
2.150536e-04
2.067089e-04
1.397133e-04
1.556873e-04
2.138615e-04
2.057552e-04
1.494884e-04
1.432896e-04
2.150536e-04
1.518726e-04
1.435280e-04
2.148151e-04
2.083778e-04
1.420975e-04
1.528263e-04
2.145767e-04
2.067089e-04
1.516342e-04
1.425743e-04
2.140999e-04
2.086163e-04
1.399517e-04
1.499653e-04
2.181530e-04
2.076626e-04
1.525879e-04
1.435280e-04
2.167225e-04
2.059937e-04
1.418591e-04
1.552105e-04
2.133846e-04
2.052784e-04
1.497269e-04
1.428127e-04
2.133846e-04
2.057552e-04
1.811981e-04
2.136230e-04
2.062321e-04
1.783371e-04
1.521111e-04
2.162457e-04
2.572536e-04
1.523495e-04
1.804829e-04
2.150536e-04
2.062321e-04
1.771450e-04
1.533031e-04
2.148151e-04
2.570152e-04
1.499653e-04
1.778603e-04
2.129078e-04
2.083778e-04
1.778603e-04
1.556873e-04
2.171993e-04
2.565384e-04
1.499653e-04
1.766682e-04
2.150536e-04
2.076626e-04
1.788139e-04
1.540184e-04
2.174377e-04
2.548695e-04
1.525879e-04
1.785755e-04
2.140999e-04
2.033710e-04
1.745224e-04
1.525879e-04
2.150536e-04
2.555847e-04
1.506805e-04
1.785755e-04
2.145767e-04
2.086163e-04
1.773834e-04
1.554489e-04
2.148151e-04
1.842976e-04
1.559258e-04
2.145767e-04
2.563000e-04
1.523495e-04
1.766682e-04
2.150536e-04
2.086163e-04
1.766682e-04
1.528263e-04
2.071857e-04
2.551079e-04
1.525879e-04
1.797676e-04
2.126694e-04
2.069473e-04
1.754761e-04
1.525879e-04
2.167225e-04
2.546310e-04
1.497269e-04
1.776218e-04
2.148151e-04
2.040863e-04
1.761913e-04
1.521111e-04
2.152920e-04
2.553463e-04
1.502037e-04
1.776218e-04
2.145767e-04
2.088547e-04
1.769066e-04
1.516342e-04
2.171993e-04
2.570152e-04
1.499653e-04
1.776218e-04
2.124310e-04
2.081394e-04
1.785755e-04
1.556873e-04
2.131462e-04
2.560616e-04
1.533031e-04
1.776218e-04
2.148151e-04
2.086163e-04
1.749992e-04
1.525879e-04
2.150536e-04
2.558231e-04
1.494884e-04
1.795292e-04
2.150536e-04
2.062321e-04
1.757145e-04
1.523495e-04
2.148151e-04
2.565384e-04
1.516342e-04
1.785755e-04
2.148151e-04
2.088547e-04
1.773834e-04
1.523495e-04
2.143383e-04
2.541542e-04
1.518726e-04
1.785755e-04
2.143383e-04
2.057552e-04
1.769066e-04
1.549721e-04
2.138615e-04
2.548695e-04
1.497269e-04
1.797676e-04
2.138615e-04
2.100468e-04
1.764297e-04
1.525879e-04
2.148151e-04
2.541542e-04
1.523495e-04
1.773834e-04
2.143383e-04
2.071857e-04
1.761913e-04
1.523495e-04
2.145767e-04
2.555847e-04
1.497269e-04
1.549721e-04
2.140999e-04
2.062321e-04
1.406670e-04
1.783371e-04
2.160072e-04
2.539158e-04
1.540184e-04
1.530647e-04
2.136230e-04
2.074242e-04
1.428127e-04
1.776218e-04
2.138615e-04
2.567768e-04
1.528263e-04
1.523495e-04
2.152920e-04
2.062321e-04
1.432896e-04
1.807213e-04
2.140999e-04
2.558231e-04
1.497269e-04
1.521111e-04
2.160072e-04
2.067089e-04
1.404285e-04
1.807213e-04
2.152920e-04
2.584457e-04
1.528263e-04
1.525879e-04
2.164841e-04
2.074242e-04
1.435280e-04
1.800060e-04
2.179146e-04
2.548695e-04
1.494884e-04
1.525879e-04
2.243519e-04
2.055168e-04
1.411438e-04
1.771450e-04
2.140999e-04
2.551079e-04
1.499653e-04
1.518726e-04
2.169609e-04
2.048016e-04
1.435280e-04
1.797676e-04
2.148151e-04
2.570152e-04
1.497269e-04
1.549721e-04
2.129078e-04
2.088547e-04
1.416206e-04
1.783371e-04
2.150536e-04
2.555847e-04
1.497269e-04
1.525879e-04
2.143383e-04
2.088547e-04
1.435280e-04
1.778603e-04
2.140999e-04
2.558231e-04
1.528263e-04
1.525879e-04
2.143383e-04
2.083778e-04
1.437664e-04
1.788139e-04
2.171993e-04
2.551079e-04
1.502037e-04
1.530647e-04
2.150536e-04
2.088547e-04
1.409054e-04
1.773834e-04
2.138615e-04
2.558231e-04
1.525879e-04
1.530647e-04
2.145767e-04
2.069473e-04
1.428127e-04
1.761913e-04
2.157688e-04
2.553463e-04
1.497269e-04
1.530647e-04
2.131462e-04
2.079010e-04
1.504421e-04
1.425743e-04
2.150536e-04
2.043247e-04
1.406670e-04
1.544952e-04
2.181530e-04
2.076626e-04
1.499653e-04
1.509190e-04
2.157688e-04
2.090931e-04
1.401901e-04
1.525879e-04
2.138615e-04
2.100468e-04
1.504421e-04
1.430511e-04
2.171993e-04
2.052784e-04
1.430511e-04
1.528263e-04
2.169609e-04
2.048016e-04
1.497269e-04
1.459122e-04
2.160072e-04
2.057552e-04
1.435280e-04
1.530647e-04
2.143383e-04
2.059937e-04
1.530647e-04
1.430511e-04
2.148151e-04
2.055168e-04
1.463890e-04
1.528263e-04
2.167225e-04
2.043247e-04
1.535416e-04
1.428127e-04
2.062321e-04
2.081394e-04
1.435280e-04
1.525879e-04
2.143383e-04
2.090931e-04
1.525879e-04
1.435280e-04
2.148151e-04
2.059937e-04
1.432896e-04
1.592636e-04
2.152920e-04
2.038479e-04
1.528263e-04
1.466274e-04
2.179146e-04
2.088547e-04
1.406670e-04
1.533031e-04
2.150536e-04
2.057552e-04
1.494884e-04
1.494884e-04
2.174377e-04
2.102852e-04
1.389980e-04
1.552105e-04
2.169609e-04
2.098083e-04
1.533031e-04
1.461506e-04
2.150536e-04
2.048016e-04
1.397133e-04
1.530647e-04
2.145767e-04
2.114773e-04
1.502037e-04
1.432896e-04
2.150536e-04
2.050400e-04
1.404285e-04
1.525879e-04
2.150536e-04
2.098083e-04
1.525879e-04
1.432896e-04
2.148151e-04
2.079010e-04
1.435280e-04
1.523495e-04
2.155304e-04
2.086163e-04
1.497269e-04
1.435280e-04
2.150536e-04
2.043247e-04
1.404285e-04
1.528263e-04
2.171993e-04
2.086163e-04
1.530647e-04
1.463890e-04
2.148151e-04
2.045631e-04
1.430511e-04
1.559258e-04
2.145767e-04
2.191067e-04
1.516342e-04
1.423359e-04
2.126694e-04
2.050400e-04
1.437664e-04
1.528263e-04
2.148151e-04
2.090931e-04
1.513958e-04
1.409054e-04
2.148151e-04
2.002716e-04
1.418591e-04
1.542568e-04
2.119541e-04
2.081394e-04
1.540184e-04
1.432896e-04
2.169609e-04
2.043247e-04
1.394749e-04
1.535416e-04
2.150536e-04
2.045631e-04
1.492500e-04
1.435280e-04
2.148151e-04
2.079010e-04
1.845360e-04
2.121925e-04
2.102852e-04
1.773834e-04
1.523495e-04
2.152920e-04
2.570152e-04
1.523495e-04
1.788139e-04
2.145767e-04
2.081394e-04
1.761913e-04
1.533031e-04
2.174377e-04
2.551079e-04
1.528263e-04
1.776218e-04
2.119541e-04
2.083778e-04
1.730919e-04
1.556873e-04
2.145767e-04
2.570152e-04
1.525879e-04
1.809597e-04
2.145767e-04
2.090931e-04
1.761913e-04
1.513958e-04
2.148151e-04
2.532005e-04
1.492500e-04
1.769066e-04
2.150536e-04
2.086163e-04
1.745224e-04
1.561642e-04
2.157688e-04
2.572536e-04
1.494884e-04
1.764297e-04
2.145767e-04
2.057552e-04
1.778603e-04
1.556873e-04
2.136230e-04
2.574921e-04
1.492500e-04
1.773834e-04
2.138615e-04
2.093315e-04
1.759529e-04
1.506805e-04
2.148151e-04
2.551079e-04
1.506805e-04
1.800060e-04
2.145767e-04
2.086163e-04
1.773834e-04
1.533031e-04
2.148151e-04
2.541542e-04
1.525879e-04
1.804829e-04
2.117157e-04
2.055168e-04
1.766682e-04
1.530647e-04
2.148151e-04
2.553463e-04
1.525879e-04
1.797676e-04
2.148151e-04
2.059937e-04
1.428127e-04
1.790524e-04
2.164841e-04
2.572536e-04
1.504421e-04
1.533031e-04
2.241135e-04
2.100468e-04
1.432896e-04
1.771450e-04
2.140999e-04
2.541542e-04
1.568794e-04
2.131462e-04
2.088547e-04
1.826286e-04
2.155304e-04
2.567768e-04
1.523495e-04
1.528263e-04
2.171993e-04
2.088547e-04
1.435280e-04
1.785755e-04
2.131462e-04
2.570152e-04
1.528263e-04
1.523495e-04
2.145767e-04
2.083778e-04
1.423359e-04
1.792908e-04
2.162457e-04
2.551079e-04
1.516342e-04
2.207756e-04
2.081394e-04
1.416206e-04
1.778603e-04
2.138615e-04
2.553463e-04
1.528263e-04
1.513958e-04
2.155304e-04
2.062321e-04
1.440048e-04
1.776218e-04
3.421307e-04
2.095699e-04
1.745224e-04
1.533031e-04
2.143383e-04
2.059937e-04
