4.512835e-02
4.220605e-02
4.224539e-02
4.232597e-02
4.206300e-02
4.213524e-02
4.214144e-02
4.205298e-02
4.216814e-02
4.227901e-02
4.216027e-02
4.211998e-02
4.217839e-02
4.221487e-02
4.204345e-02
4.206967e-02
4.207730e-02
4.195976e-02
4.217005e-02
4.219675e-02
4.219556e-02
4.206276e-02
4.206896e-02
4.219389e-02
4.227853e-02
4.197407e-02
4.216290e-02
4.210067e-02
4.216170e-02
4.209089e-02
4.227614e-02
4.208851e-02
4.213071e-02
4.224849e-02
4.199243e-02
4.221916e-02
4.222298e-02
4.223180e-02
4.221678e-02
4.223871e-02
4.205275e-02
4.209208e-02
4.199123e-02
4.199982e-02
4.235649e-02
4.231691e-02
4.219890e-02
4.202867e-02
4.199958e-02
4.223657e-02
4.222536e-02
4.221153e-02
4.215741e-02
4.219341e-02
4.207373e-02
4.216719e-02
4.203439e-02
4.203272e-02
4.198837e-02
4.220033e-02
4.209924e-02
4.220343e-02
4.220581e-02
4.194999e-02
4.220772e-02
4.202247e-02
4.223418e-02
4.205370e-02
4.215980e-02
4.209709e-02
4.197216e-02
4.207468e-02
4.214954e-02
4.225802e-02
4.212046e-02
4.227304e-02
4.216743e-02
4.215002e-02
4.221392e-02
4.194903e-02
4.220057e-02
4.207253e-02
4.214787e-02
4.232764e-02
4.218674e-02
4.208636e-02
4.202962e-02
4.221034e-02
4.224753e-02
4.202199e-02
4.230309e-02
4.225230e-02
4.204535e-02
4.225159e-02
4.213357e-02
4.204416e-02
4.229784e-02
4.228973e-02
4.210401e-02
4.209542e-02
4.228497e-02
4.214525e-02
4.222345e-02
4.211068e-02
4.203916e-02
4.209566e-02
4.225302e-02
4.224920e-02
4.226446e-02
4.206705e-02
4.220510e-02
4.231334e-02
4.198027e-02
4.222155e-02
4.212618e-02
4.211187e-02
4.206085e-02
4.223204e-02
4.212213e-02
4.224277e-02
4.232264e-02
4.197717e-02
4.223990e-02
4.219913e-02
4.212189e-02
4.226375e-02
4.217982e-02
4.232073e-02
4.226422e-02
4.227257e-02
4.219460e-02
4.233932e-02
4.220939e-02
4.318738e-02
4.209495e-02
4.230118e-02
4.228711e-02
4.231668e-02
4.229665e-02
4.202628e-02
4.223943e-02
4.216671e-02
4.232717e-02
4.221392e-02
4.212928e-02
4.225898e-02
4.205394e-02
4.229450e-02
4.212236e-02
4.223228e-02
4.229069e-02
4.220510e-02
4.222322e-02
4.224300e-02
4.213071e-02
4.225683e-02
4.225945e-02
4.210997e-02
4.231954e-02
4.221106e-02
4.213142e-02
4.215503e-02
4.228330e-02
4.206610e-02
4.221559e-02
4.203963e-02
4.217482e-02
4.202127e-02
4.225564e-02
4.225063e-02
4.207158e-02
4.224730e-02
4.212403e-02
4.228067e-02
4.210639e-02
4.195881e-02
4.228950e-02
4.253078e-02
4.227328e-02
4.242110e-02
4.259539e-02
4.217792e-02
4.212761e-02
4.208279e-02
4.218817e-02
4.200077e-02
4.235291e-02
4.183722e-02
4.239655e-02
4.193854e-02
4.214883e-02
4.219246e-02
4.195833e-02
4.205418e-02
4.221535e-02
4.178762e-02
4.216361e-02
4.240489e-02
4.222727e-02
4.207969e-02
4.216766e-02
4.213977e-02
4.218006e-02
4.201651e-02
4.203939e-02
4.217100e-02
4.199123e-02
4.201961e-02
4.214358e-02
4.222059e-02
4.192901e-02
4.217505e-02
4.196978e-02
4.213190e-02
4.193449e-02
4.220057e-02
4.217339e-02
4.215455e-02
4.192209e-02
4.179239e-02
4.198194e-02
4.215288e-02
4.220676e-02
4.220057e-02
4.215622e-02
4.199767e-02
4.195070e-02
4.214168e-02
4.217196e-02
4.219604e-02
4.208326e-02
4.206991e-02
4.205418e-02
4.193950e-02
4.213905e-02
4.199648e-02
4.220390e-02
4.198599e-02
4.212499e-02
4.213428e-02
4.180670e-02
4.226232e-02
4.215050e-02
4.209638e-02
4.215455e-02
4.217315e-02
4.198408e-02
4.217243e-02
4.230595e-02
4.222512e-02
4.204249e-02
4.211545e-02
4.197502e-02
4.296613e-02
4.213810e-02
4.196739e-02
4.203939e-02
4.219365e-02
4.207683e-02
4.242611e-02
4.201770e-02
4.215384e-02
4.215217e-02
4.208231e-02
4.208803e-02
4.212856e-02
4.211354e-02
4.195261e-02
4.210758e-02
4.186010e-02
4.215169e-02
4.212570e-02
4.211259e-02
4.186320e-02
4.207754e-02
4.196954e-02
4.211688e-02
4.194975e-02
4.195070e-02
4.200768e-02
4.222178e-02
4.247093e-02
4.213405e-02
4.191518e-02
4.202294e-02
4.192710e-02
4.208183e-02
4.210782e-02
4.211378e-02
4.191041e-02
4.210734e-02
4.215527e-02
4.193401e-02
4.205632e-02
4.207301e-02
4.209304e-02
4.204440e-02
4.206324e-02
4.218268e-02
4.218388e-02
4.216743e-02
4.196119e-02
4.186845e-02
4.216099e-02
4.196954e-02
4.212379e-02
4.224396e-02
4.226255e-02
4.212713e-02
4.215527e-02
4.199743e-02
4.199386e-02
4.215646e-02
4.210520e-02
4.192162e-02
4.212952e-02
4.198360e-02
4.198313e-02
4.199862e-02
4.196525e-02
4.192972e-02
4.202533e-02
4.193282e-02
4.192615e-02
4.216170e-02
4.196191e-02
4.213595e-02
4.191136e-02
4.213095e-02
4.209423e-02
4.206920e-02
4.210496e-02
4.201794e-02
4.207563e-02
4.200387e-02
4.209280e-02
4.213142e-02
4.188251e-02
4.211354e-02
4.210901e-02
4.218554e-02
4.205751e-02
4.205751e-02
4.213500e-02
4.232121e-02
4.213715e-02
4.182935e-02
4.211283e-02
4.208636e-02
4.204988e-02
4.200983e-02
4.213858e-02
4.209876e-02
4.208970e-02
4.205370e-02
4.208183e-02
4.208255e-02
4.217792e-02
4.191875e-02
4.212832e-02
4.201102e-02
4.206777e-02
4.207969e-02
4.210424e-02
4.194260e-02
4.185534e-02
4.185843e-02
4.209018e-02
4.209948e-02
4.184771e-02
4.198289e-02
4.210639e-02
4.210472e-02
4.205418e-02
4.192948e-02
4.207611e-02
4.204226e-02
4.198217e-02
4.187846e-02
4.213762e-02
4.187703e-02
4.205894e-02
4.206610e-02
4.210973e-02
4.205561e-02
4.213524e-02
4.184794e-02
4.212642e-02
4.187179e-02
4.208279e-02
4.191065e-02
4.212904e-02
4.203081e-02
4.211164e-02
4.188251e-02
4.208660e-02
4.187226e-02
4.208660e-02
4.204774e-02
4.212356e-02
4.184937e-02
4.212403e-02
4.207826e-02
4.213095e-02
4.209757e-02
4.188681e-02
4.204583e-02
4.209971e-02
4.192376e-02
4.206967e-02
4.213524e-02
4.213905e-02
4.215717e-02
4.205132e-02
4.173827e-02
4.196191e-02
4.209232e-02
4.194021e-02
4.206347e-02
4.213762e-02
4.189444e-02
4.210925e-02
4.205227e-02
4.207134e-02
4.198599e-02
4.200387e-02
4.198432e-02
4.209828e-02
4.191780e-02
4.213428e-02
4.211807e-02
4.207253e-02
4.171801e-02
4.134679e-02
4.208946e-02
4.219985e-02
4.222488e-02
4.201055e-02
4.221106e-02
4.219389e-02
4.213643e-02
4.223275e-02
4.195237e-02
4.219937e-02
4.215598e-02
4.209137e-02
4.218745e-02
4.212260e-02
4.211545e-02
4.214311e-02
4.220581e-02
4.214692e-02
4.230475e-02
4.209828e-02
4.203534e-02
4.205489e-02
4.214692e-02
4.196954e-02
4.215121e-02
4.219747e-02
4.203844e-02
4.219580e-02
4.199457e-02
4.219723e-02
4.202867e-02
4.209566e-02
4.213238e-02
4.217386e-02
4.200506e-02
4.222631e-02
4.277015e-02
4.209423e-02
4.214382e-02
4.219866e-02
4.198837e-02
4.226637e-02
4.219174e-02
4.195189e-02
4.212832e-02
4.197025e-02
4.208136e-02
4.220629e-02
4.224014e-02
4.205227e-02
4.216313e-02
4.222226e-02
4.211569e-02
4.216290e-02
4.217958e-02
4.224277e-02
4.199791e-02
4.197502e-02
4.215217e-02
4.213166e-02
4.200554e-02
4.215860e-02
4.215574e-02
4.217362e-02
4.204941e-02
4.202008e-02
4.200125e-02
4.206085e-02
4.200745e-02
4.197431e-02
4.206204e-02
4.215121e-02
4.199648e-02
4.198122e-02
4.220462e-02
4.216933e-02
4.204869e-02
4.220200e-02
4.225564e-02
4.200435e-02
4.216313e-02
4.186392e-02
4.193020e-02
4.211831e-02
4.212546e-02
4.195213e-02
4.219127e-02
4.215980e-02
4.221106e-02
4.197693e-02
4.220557e-02
4.208541e-02
4.219413e-02
4.198599e-02
4.208350e-02
4.217434e-02
4.196239e-02
4.221296e-02
4.210091e-02
4.215956e-02
4.210830e-02
4.214597e-02
4.203606e-02
4.197359e-02
4.193735e-02
4.217482e-02
4.200816e-02
4.217339e-02
4.218316e-02
4.233241e-02
4.211831e-02
4.218531e-02
4.212904e-02
4.213667e-02
4.196095e-02
4.217243e-02
4.213643e-02
4.215240e-02
4.215026e-02
4.196954e-02
4.215384e-02
4.220033e-02
4.203987e-02
4.203129e-02
4.218531e-02
4.195404e-02
4.208350e-02
4.199672e-02
4.212642e-02
4.212117e-02
4.214001e-02
4.214239e-02
4.202580e-02
4.203582e-02
4.209280e-02
4.205251e-02
4.212165e-02
4.200411e-02
4.215264e-02
4.215789e-02
4.214764e-02
4.199219e-02
4.203033e-02
4.215813e-02
4.215860e-02
4.186964e-02
4.214883e-02
4.215622e-02
4.200339e-02
4.220772e-02
4.205632e-02
4.214263e-02
4.215121e-02
4.197645e-02
4.217172e-02
4.197717e-02
4.201794e-02
4.205775e-02
4.210496e-02
4.196024e-02
4.218388e-02
4.217243e-02
4.210114e-02
4.221892e-02
4.204011e-02
4.219270e-02
4.220533e-02
4.216814e-02
4.220772e-02
4.226446e-02
4.211712e-02
4.213500e-02
4.218078e-02
4.221153e-02
4.221416e-02
4.208016e-02
4.202080e-02
4.215264e-02
4.221749e-02
4.218197e-02
4.215002e-02
4.220080e-02
4.209733e-02
4.230380e-02
4.206300e-02
4.206991e-02
4.220271e-02
4.217625e-02
4.223204e-02
4.204249e-02
4.223490e-02
4.224062e-02
4.207015e-02
4.224181e-02
4.221153e-02
4.191756e-02
4.206061e-02
4.228234e-02
4.218030e-02
4.199815e-02
4.228759e-02
4.216313e-02
4.228044e-02
4.217219e-02
4.226995e-02
4.223180e-02
4.216433e-02
4.226112e-02
4.196882e-02
4.208255e-02
4.209375e-02
4.210353e-02
4.220700e-02
4.224944e-02
4.200745e-02
4.205132e-02
4.220819e-02
4.210305e-02
4.199362e-02
4.224968e-02
4.223442e-02
4.226351e-02
4.222560e-02
4.223442e-02
4.211068e-02
4.218388e-02
4.223466e-02
4.219627e-02
4.214907e-02
4.220295e-02
4.218912e-02
4.225945e-02
4.200125e-02
4.227853e-02
4.209948e-02
4.208040e-02
4.224825e-02
4.210019e-02
4.224324e-02
4.200649e-02
4.223323e-02
4.222298e-02
4.212475e-02
4.206157e-02
4.224038e-02
4.207706e-02
4.210019e-02
4.205441e-02
4.226160e-02
4.222679e-02
4.226780e-02
4.219604e-02
4.248166e-02
4.205227e-02
4.225326e-02
4.256368e-02
4.217553e-02
4.225802e-02
4.217529e-02
4.192758e-02
4.218769e-02
4.217386e-02
4.212046e-02
4.223251e-02
4.214978e-02
4.223895e-02
4.218006e-02
4.223490e-02
4.192543e-02
4.214478e-02
4.217672e-02
4.206753e-02
4.209781e-02
4.232764e-02
4.198837e-02
4.219604e-02
4.203844e-02
4.207611e-02
4.200697e-02
4.214311e-02
4.211664e-02
4.213858e-02
4.205585e-02
4.234982e-02
4.197073e-02
4.220438e-02
4.209542e-02
4.227567e-02
4.214883e-02
4.216409e-02
4.216599e-02
4.197168e-02
4.217649e-02
4.218912e-02
4.218554e-02
4.199982e-02
4.196501e-02
4.199886e-02
4.200339e-02
4.198790e-02
4.213905e-02
4.220009e-02
4.215574e-02
4.222965e-02
4.207420e-02
4.215956e-02
4.217553e-02
4.216075e-02
4.215479e-02
4.213858e-02
4.205298e-02
4.216075e-02
4.195595e-02
4.214430e-02
4.216099e-02
4.204679e-02
4.196548e-02
4.219103e-02
4.216480e-02
4.196668e-02
4.210401e-02
4.215336e-02
4.189253e-02
4.210162e-02
4.196668e-02
4.218102e-02
4.195857e-02
4.210043e-02
4.211140e-02
4.191971e-02
4.216027e-02
4.191709e-02
4.214740e-02
4.196072e-02
4.210186e-02
4.218936e-02
4.213309e-02
4.203153e-02
4.211164e-02
4.213452e-02
4.207921e-02
4.200315e-02
4.205847e-02
4.216695e-02
4.205585e-02
4.213452e-02
4.188395e-02
4.219151e-02
4.190445e-02
4.213405e-02
4.194999e-02
4.208684e-02
4.213428e-02
4.196954e-02
4.216766e-02
4.217339e-02
4.198503e-02
4.215622e-02
4.187942e-02
4.193735e-02
4.213762e-02
4.193377e-02
4.196811e-02
4.212189e-02
4.204226e-02
4.220009e-02
4.216933e-02
4.180980e-02
4.218817e-02
4.198980e-02
4.200292e-02
4.205871e-02
4.207826e-02
4.204249e-02
4.215121e-02
4.193664e-02
4.213333e-02
4.193687e-02
4.201102e-02
4.197574e-02
4.214692e-02
4.194593e-02
4.210353e-02
4.186535e-02
4.220438e-02
4.228377e-02
4.191899e-02
4.204416e-02
4.209185e-02
4.213619e-02
4.198885e-02
4.214501e-02
4.202342e-02
4.210353e-02
4.207921e-02
4.213166e-02
4.211974e-02
4.221630e-02
4.290724e-02
4.240084e-02
4.211020e-02
4.209852e-02
4.230523e-02
4.209113e-02
4.219794e-02
4.231620e-02
4.231596e-02
4.230809e-02
4.227233e-02
4.230094e-02
4.212117e-02
4.228759e-02
4.228687e-02
4.206991e-02
4.210711e-02
4.222918e-02
4.230666e-02
4.226589e-02
4.227114e-02
4.213095e-02
4.219198e-02
4.228735e-02
4.219866e-02
4.236102e-02
4.216433e-02
4.217172e-02
4.227328e-02
4.231024e-02
4.231119e-02
4.231167e-02
4.223466e-02
4.228711e-02
4.216814e-02
4.224896e-02
4.227304e-02
4.226637e-02
4.212427e-02
4.199934e-02
4.213738e-02
4.216290e-02
4.230142e-02
4.228663e-02
4.208493e-02
4.230475e-02
4.230452e-02
4.222202e-02
4.222012e-02
4.228020e-02
4.216576e-02
4.232001e-02
4.225421e-02
4.223180e-02
4.225564e-02
4.224181e-02
4.229808e-02
4.225063e-02
4.232168e-02
4.207468e-02
4.220915e-02
4.225469e-02
4.206681e-02
4.217982e-02
4.232287e-02
4.214811e-02
4.227853e-02
4.207730e-02
4.205775e-02
4.221606e-02
4.225588e-02
4.238200e-02
4.205346e-02
4.230857e-02
4.233336e-02
4.214692e-02
4.198432e-02
4.228091e-02
4.209685e-02
4.213858e-02
4.226184e-02
4.224515e-02
4.209042e-02
4.219604e-02
4.201150e-02
4.224110e-02
4.222536e-02
4.205608e-02
4.221153e-02
4.231906e-02
4.214811e-02
4.232049e-02
4.205918e-02
4.228711e-02
4.205680e-02
4.213619e-02
4.226685e-02
4.207397e-02
4.201126e-02
4.219317e-02
4.223418e-02
4.209137e-02
4.231834e-02
4.204035e-02
4.232693e-02
4.201245e-02
4.218793e-02
4.222584e-02
4.216313e-02
4.225659e-02
4.224253e-02
4.200816e-02
4.204583e-02
4.158425e-02
4.239750e-02
4.243922e-02
4.226184e-02
4.250121e-02
4.241276e-02
4.246378e-02
4.245901e-02
4.228592e-02
4.249358e-02
4.226017e-02
4.224181e-02
4.247880e-02
4.258633e-02
4.246330e-02
4.224682e-02
4.235291e-02
4.231548e-02
4.236245e-02
4.250598e-02
4.249811e-02
4.248214e-02
4.245448e-02
4.243135e-02
4.253221e-02
4.244113e-02
4.248095e-02
4.231858e-02
4.250813e-02
4.229689e-02
4.249406e-02
4.242158e-02
4.254699e-02
4.244542e-02
4.235578e-02
4.221964e-02
4.243731e-02
4.230618e-02
4.250884e-02
4.243517e-02
4.239368e-02
4.240751e-02
4.253197e-02
4.508781e-02
4.245257e-02
4.232454e-02
4.242992e-02
4.234910e-02
4.237509e-02
4.248190e-02
4.246187e-02
4.228449e-02
4.252219e-02
4.243660e-02
4.223180e-02
