4.282951e-03
3.181458e-03
3.346682e-03
3.388405e-03
3.005743e-03
3.190517e-03
3.217936e-03
3.193140e-03
3.169775e-03
3.239870e-03
3.184557e-03
3.169537e-03
3.172398e-03
3.260612e-03
3.160238e-03
3.349543e-03
3.180981e-03
3.188610e-03
3.153801e-03
3.264189e-03
3.187895e-03
3.186703e-03
3.182411e-03
3.162622e-03
3.144026e-03
3.214836e-03
3.176212e-03
3.182888e-03
3.177881e-03
3.227711e-03
3.182650e-03
3.165722e-03
3.157854e-03
3.235579e-03
3.179550e-03
3.134012e-03
3.346443e-03
3.153801e-03
3.149986e-03
3.265858e-03
3.179073e-03
3.196716e-03
3.159285e-03
3.156424e-03
3.250122e-03
3.204823e-03
3.184319e-03
3.178596e-03
3.172636e-03
3.215790e-03
3.175735e-03
3.165245e-03
3.159761e-03
3.161669e-03
3.216743e-03
3.213644e-03
3.207207e-03
3.183842e-03
3.176689e-03
3.252029e-03
3.200054e-03
3.190756e-03
3.133535e-03
3.240585e-03
3.219604e-03
3.170252e-03
3.200769e-03
3.142595e-03
3.246784e-03
3.187180e-03
3.168821e-03
3.163815e-03
3.179312e-03
3.136635e-03
3.173828e-03
3.150940e-03
3.163099e-03
3.206730e-03
3.252983e-03
3.193617e-03
3.169298e-03
3.168106e-03
3.246069e-03
3.179789e-03
3.116369e-03
3.555298e-03
3.300428e-03
3.582239e-03
3.180742e-03
3.178120e-03
3.172159e-03
3.243208e-03
3.201246e-03
3.182888e-03
3.150702e-03
3.177404e-03
3.153086e-03
3.216505e-03
3.140926e-03
3.163576e-03
3.165722e-03
3.249407e-03
3.185749e-03
3.187418e-03
3.167391e-03
3.253460e-03
3.202438e-03
3.158092e-03
3.135443e-03
3.142834e-03
3.248930e-03
3.186941e-03
3.190279e-03
3.174067e-03
3.181219e-03
3.210545e-03
3.162622e-03
3.158092e-03
3.212452e-03
3.326178e-03
3.551006e-03
3.149509e-03
3.225565e-03
3.178596e-03
3.185034e-03
3.158569e-03
3.142357e-03
3.245831e-03
3.205061e-03
3.173828e-03
3.183603e-03
3.169537e-03
3.165722e-03
3.253937e-03
3.206015e-03
3.160238e-03
3.141403e-03
3.209114e-03
3.135681e-03
3.153324e-03
3.147602e-03
3.359795e-03
3.160000e-03
3.239155e-03
3.137827e-03
3.147602e-03
3.178596e-03
3.241539e-03
3.228903e-03
3.164768e-03
3.176689e-03
3.174067e-03
3.228426e-03
3.199339e-03
3.214121e-03
3.164053e-03
3.305912e-03
3.435135e-03
3.227711e-03
3.183365e-03
3.159523e-03
3.195763e-03
3.166437e-03
3.251791e-03
3.138542e-03
3.358841e-03
3.158808e-03
3.168821e-03
3.141880e-03
3.190994e-03
3.154755e-03
3.178358e-03
3.151894e-03
3.145456e-03
3.176928e-03
3.134251e-03
3.166437e-03
3.182173e-03
3.158331e-03
3.134966e-03
3.246546e-03
3.204107e-03
3.167391e-03
3.158569e-03
3.139973e-03
3.219128e-03
3.159285e-03
3.243208e-03
3.197193e-03
3.175020e-03
3.157377e-03
3.208160e-03
3.190994e-03
3.170967e-03
3.142595e-03
3.157616e-03
3.243685e-03
3.183126e-03
3.167391e-03
3.159523e-03
3.251076e-03
3.185272e-03
3.166199e-03
3.160238e-03
3.151417e-03
3.205776e-03
3.173590e-03
3.171444e-03
3.209829e-03
3.133059e-03
3.158569e-03
3.144026e-03
3.226995e-03
3.205299e-03
3.176212e-03
3.179073e-03
3.244877e-03
3.204823e-03
3.173113e-03
3.144264e-03
3.244877e-03
3.170490e-03
3.185749e-03
3.168106e-03
3.149986e-03
3.200293e-03
3.286123e-03
3.356695e-03
3.250599e-03
3.181696e-03
3.165960e-03
3.370762e-03
3.233433e-03
3.212929e-03
3.187656e-03
3.193378e-03
3.167629e-03
3.249645e-03
3.185749e-03
3.158331e-03
3.154755e-03
3.218889e-03
3.199339e-03
3.184795e-03
3.158808e-03
3.243685e-03
3.165007e-03
3.218174e-03
3.206253e-03
3.160954e-03
3.142834e-03
3.256798e-03
3.157616e-03
3.209114e-03
3.180027e-03
3.188372e-03
3.183603e-03
3.173590e-03
3.247738e-03
3.191471e-03
3.147602e-03
3.149748e-03
3.169298e-03
3.176212e-03
3.247976e-03
3.205061e-03
3.135204e-03
3.376961e-03
3.170252e-03
3.250360e-03
3.192425e-03
3.188610e-03
3.177881e-03
3.132105e-03
3.244400e-03
3.205061e-03
3.190756e-03
3.155947e-03
3.148079e-03
3.216267e-03
3.220320e-03
3.202438e-03
3.190994e-03
3.315926e-03
3.373384e-03
3.159761e-03
3.186703e-03
3.158569e-03
3.153324e-03
3.246307e-03
3.193378e-03
3.313541e-03
3.129721e-03
3.198862e-03
3.183365e-03
3.196478e-03
3.169775e-03
3.255129e-03
3.200293e-03
3.155708e-03
3.174782e-03
3.202915e-03
3.227711e-03
3.184557e-03
3.180504e-03
3.155947e-03
3.156662e-03
3.176928e-03
3.178835e-03
3.167629e-03
3.211975e-03
3.182650e-03
3.176928e-03
3.157377e-03
3.205776e-03
3.146172e-03
3.160477e-03
3.156900e-03
3.251314e-03
3.173351e-03
3.166914e-03
3.175020e-03
3.250599e-03
3.194332e-03
3.165722e-03
3.151655e-03
3.247976e-03
3.162622e-03
3.188610e-03
3.136873e-03
3.249168e-03
3.185034e-03
3.186703e-03
3.156900e-03
3.159523e-03
3.245592e-03
3.205538e-03
3.180742e-03
3.176212e-03
3.159523e-03
3.245831e-03
3.208160e-03
3.194094e-03
3.175735e-03
3.135920e-03
3.209352e-03
3.161430e-03
3.166437e-03
3.154278e-03
3.157616e-03
3.256321e-03
3.142595e-03
3.333807e-03
4.473209e-03
3.201962e-03
3.137827e-03
3.248215e-03
3.207207e-03
3.204107e-03
3.188610e-03
3.141165e-03
3.188848e-03
3.216028e-03
3.190517e-03
3.188372e-03
3.188372e-03
3.211975e-03
3.220797e-03
3.193140e-03
3.196478e-03
3.145933e-03
3.251076e-03
3.202200e-03
3.170490e-03
3.163338e-03
3.176212e-03
3.257036e-03
3.191471e-03
3.121376e-03
3.165960e-03
3.143072e-03
3.252506e-03
3.209829e-03
3.185034e-03
3.138304e-03
3.216505e-03
3.137827e-03
3.174782e-03
3.155231e-03
3.198862e-03
3.157377e-03
3.190994e-03
3.137589e-03
3.150225e-03
3.256321e-03
3.201723e-03
3.177881e-03
3.170013e-03
3.247261e-03
3.179073e-03
3.169060e-03
3.182650e-03
3.167391e-03
3.145218e-03
3.231049e-03
3.191710e-03
3.167868e-03
3.158569e-03
3.252029e-03
3.188848e-03
3.179789e-03
3.179550e-03
3.185034e-03
3.146887e-03
3.168344e-03
3.167152e-03
3.121614e-03
3.247738e-03
3.186226e-03
3.156662e-03
3.145695e-03
3.150702e-03
3.252029e-03
3.023624e-03
3.187656e-03
3.194094e-03
3.150940e-03
3.171444e-03
3.249645e-03
3.186226e-03
3.160477e-03
3.191710e-03
3.162146e-03
3.222704e-03
3.150702e-03
3.558159e-03
3.156900e-03
3.220320e-03
3.187418e-03
3.157854e-03
3.157377e-03
3.249645e-03
3.174305e-03
3.141642e-03
3.370047e-03
3.152847e-03
3.147364e-03
3.246784e-03
3.182411e-03
3.169537e-03
3.150225e-03
3.187418e-03
3.214121e-03
3.301144e-03
3.385544e-03
3.175735e-03
3.186226e-03
3.216743e-03
3.252983e-03
3.204584e-03
3.181696e-03
3.155947e-03
3.252029e-03
3.170490e-03
3.196955e-03
3.169775e-03
3.206491e-03
3.159761e-03
3.167152e-03
3.155231e-03
3.144503e-03
3.211737e-03
3.164530e-03
3.187418e-03
3.173828e-03
3.255129e-03
3.183842e-03
3.170729e-03
3.150225e-03
3.156185e-03
3.196478e-03
3.191948e-03
3.160715e-03
3.155708e-03
3.182411e-03
3.206253e-03
3.137350e-03
3.184795e-03
3.184080e-03
3.205538e-03
3.218889e-03
3.195047e-03
3.175020e-03
3.202677e-03
3.204584e-03
3.168344e-03
3.178596e-03
3.174543e-03
3.248453e-03
3.187656e-03
3.187656e-03
3.164768e-03
3.169298e-03
3.200531e-03
3.209352e-03
3.209352e-03
3.196478e-03
3.370523e-03
3.162861e-03
3.145218e-03
3.181219e-03
3.182888e-03
3.173590e-03
3.245115e-03
3.163338e-03
3.219128e-03
3.191471e-03
3.186464e-03
3.203392e-03
3.197908e-03
3.149986e-03
3.165245e-03
3.096819e-03
3.207684e-03
3.185987e-03
3.153086e-03
3.158092e-03
3.190994e-03
3.204346e-03
3.150702e-03
3.170252e-03
3.198147e-03
3.141403e-03
3.247023e-03
3.164768e-03
3.161907e-03
3.158331e-03
3.219366e-03
3.139019e-03
2.988338e-03
3.236055e-03
3.138781e-03
3.201962e-03
3.158331e-03
3.167391e-03
3.152370e-03
3.258944e-03
3.190041e-03
3.183126e-03
3.166199e-03
3.251314e-03
3.197193e-03
3.156900e-03
3.141165e-03
3.128529e-03
3.193140e-03
3.143311e-03
3.166199e-03
3.247738e-03
3.166437e-03
3.126144e-03
3.356695e-03
3.144979e-03
3.248453e-03
3.173590e-03
3.160238e-03
3.160238e-03
3.245354e-03
3.206730e-03
3.152847e-03
3.230572e-03
3.247738e-03
3.153324e-03
3.543139e-03
3.230572e-03
3.156900e-03
3.197432e-03
3.230810e-03
3.535032e-03
3.242016e-03
3.168344e-03
3.161669e-03
3.170490e-03
3.244877e-03
3.185511e-03
3.151655e-03
3.151178e-03
3.214836e-03
3.195763e-03
3.166914e-03
3.168344e-03
3.154993e-03
3.245592e-03
3.177643e-03
3.187895e-03
3.169298e-03
3.190994e-03
3.149986e-03
3.169775e-03
3.174782e-03
3.229141e-03
3.161192e-03
3.013134e-03
3.245831e-03
3.148794e-03
3.155947e-03
3.240824e-03
3.185749e-03
3.155470e-03
3.148079e-03
3.184795e-03
3.142834e-03
3.176451e-03
3.151417e-03
3.240108e-03
3.215075e-03
3.186226e-03
3.159523e-03
3.215790e-03
3.201246e-03
3.177881e-03
3.202200e-03
3.143787e-03
3.117800e-03
3.240824e-03
3.203154e-03
3.153563e-03
3.137112e-03
3.189802e-03
3.188372e-03
3.160238e-03
3.239632e-03
3.172398e-03
3.186464e-03
3.172636e-03
3.158569e-03
3.139019e-03
3.225088e-03
3.200531e-03
3.192663e-03
3.139734e-03
3.248215e-03
3.178596e-03
3.168344e-03
3.163338e-03
3.248215e-03
3.164053e-03
3.150702e-03
3.158092e-03
3.175259e-03
3.155231e-03
3.250122e-03
3.179789e-03
3.159285e-03
3.137589e-03
3.224134e-03
3.166676e-03
3.191948e-03
3.141165e-03
3.255367e-03
3.161669e-03
3.157139e-03
3.143787e-03
3.209352e-03
3.176928e-03
3.165245e-03
3.159523e-03
3.153324e-03
3.242254e-03
3.139734e-03
3.365517e-03
3.171682e-03
3.220320e-03
3.182173e-03
3.169298e-03
3.190994e-03
3.177404e-03
3.216505e-03
3.211021e-03
3.203392e-03
3.193140e-03
3.161192e-03
3.152609e-03
3.247976e-03
3.182888e-03
3.179073e-03
3.172398e-03
3.245354e-03
3.161430e-03
3.226280e-03
3.212929e-03
3.118038e-03
3.348589e-03
3.161192e-03
3.217220e-03
3.196001e-03
3.189564e-03
3.139019e-03
3.145218e-03
3.247261e-03
3.187895e-03
3.189325e-03
3.124714e-03
3.243685e-03
3.205538e-03
3.163576e-03
3.167152e-03
3.177166e-03
3.177643e-03
3.250122e-03
3.186703e-03
3.168821e-03
3.158092e-03
3.557682e-03
3.657579e-03
3.215313e-03
3.152370e-03
3.181934e-03
3.190517e-03
3.359318e-03
3.166199e-03
3.145456e-03
3.239393e-03
3.196239e-03
3.170967e-03
3.172159e-03
3.219843e-03
3.168344e-03
3.197908e-03
3.130436e-03
3.142357e-03
3.264904e-03
3.165722e-03
3.173828e-03
3.160954e-03
3.182411e-03
3.163099e-03
3.185034e-03
3.151178e-03
3.137112e-03
3.235340e-03
3.215790e-03
3.149748e-03
3.350019e-03
3.175259e-03
3.137112e-03
3.225327e-03
3.197670e-03
3.144026e-03
3.152847e-03
3.184080e-03
3.147364e-03
3.211021e-03
3.143787e-03
3.192663e-03
3.150225e-03
3.167868e-03
3.153086e-03
3.248215e-03
3.188372e-03
3.159285e-03
3.153324e-03
3.146648e-03
3.177166e-03
3.132343e-03
3.163099e-03
3.132105e-03
3.252745e-03
3.201246e-03
3.156185e-03
3.141642e-03
3.210545e-03
3.212214e-03
3.164291e-03
3.156185e-03
3.178358e-03
3.161192e-03
3.240347e-03
3.209352e-03
3.150702e-03
3.347158e-03
3.157377e-03
3.220797e-03
3.199339e-03
3.182411e-03
3.155231e-03
3.199577e-03
3.164291e-03
3.185511e-03
3.166437e-03
3.260136e-03
3.201962e-03
3.190756e-03
3.176928e-03
3.251553e-03
3.165722e-03
3.193140e-03
3.161669e-03
3.140450e-03
3.244877e-03
3.186941e-03
3.165245e-03
3.132582e-03
3.179312e-03
3.280401e-03
3.421068e-03
3.328562e-03
3.549814e-03
3.130913e-03
3.405094e-03
3.187418e-03
3.163099e-03
3.134251e-03
3.114700e-03
3.136635e-03
3.247261e-03
3.186464e-03
3.159285e-03
3.149033e-03
3.175735e-03
3.225565e-03
3.404140e-03
3.167152e-03
3.155947e-03
3.247976e-03
3.171206e-03
3.184080e-03
3.182173e-03
3.211021e-03
3.201962e-03
3.137827e-03
3.163815e-03
3.151655e-03
3.239632e-03
3.192425e-03
3.155231e-03
3.140688e-03
3.142834e-03
3.117085e-03
3.240347e-03
3.164053e-03
3.159523e-03
3.210306e-03
3.222466e-03
3.161907e-03
3.410101e-03
3.157616e-03
3.156424e-03
3.204107e-03
3.153086e-03
3.153801e-03
3.136635e-03
3.113031e-03
3.206730e-03
3.149986e-03
3.190756e-03
3.150225e-03
3.117323e-03
3.249645e-03
3.181934e-03
3.153801e-03
3.185987e-03
3.129482e-03
3.157139e-03
3.241301e-03
3.172159e-03
3.189564e-03
3.152847e-03
3.206253e-03
3.138304e-03
3.193378e-03
3.171682e-03
3.242016e-03
3.184080e-03
3.312349e-03
3.387451e-03
3.220797e-03
3.169537e-03
3.184557e-03
3.119230e-03
3.246784e-03
3.184557e-03
3.185511e-03
3.158808e-03
3.247738e-03
3.206730e-03
3.172159e-03
3.131390e-03
3.189802e-03
3.221750e-03
3.158092e-03
3.355742e-03
3.156424e-03
3.251553e-03
3.153563e-03
3.186464e-03
3.246784e-03
3.172159e-03
3.161430e-03
3.169298e-03
3.186464e-03
3.166676e-03
3.133535e-03
3.247261e-03
3.157616e-03
3.187418e-03
3.177881e-03
3.245354e-03
3.200293e-03
3.181458e-03
3.136158e-03
3.164291e-03
3.144741e-03
3.243446e-03
3.179550e-03
3.162622e-03
3.155708e-03
3.135681e-03
3.241539e-03
3.181458e-03
3.186941e-03
3.137112e-03
3.374100e-03
3.222466e-03
3.188610e-03
3.182650e-03
3.154516e-03
3.252029e-03
3.185511e-03
3.167152e-03
3.139973e-03
3.218174e-03
3.167629e-03
3.549099e-03
3.333330e-03
3.385782e-03
3.186226e-03
3.175735e-03
3.245354e-03
3.168344e-03
3.192425e-03
3.170490e-03
3.242731e-03
3.163815e-03
3.381729e-03
3.156662e-03
3.238916e-03
3.186226e-03
3.206968e-03
3.187656e-03
3.142118e-03
3.141642e-03
3.370285e-03
3.353596e-03
3.121853e-03
3.382206e-03
3.211260e-03
3.173351e-03
3.131628e-03
3.231049e-03
3.124952e-03
3.569603e-03
3.140450e-03
3.152847e-03
3.254175e-03
3.184795e-03
3.175259e-03
3.213167e-03
3.240347e-03
3.190994e-03
3.172398e-03
3.154516e-03
3.247499e-03
3.177643e-03
3.186703e-03
3.177643e-03
3.209591e-03
3.146648e-03
3.229618e-03
3.178120e-03
3.155708e-03
3.157616e-03
3.246546e-03
3.161430e-03
3.169298e-03
3.188372e-03
3.139973e-03
3.119469e-03
3.184319e-03
3.228188e-03
3.196001e-03
3.179312e-03
3.144264e-03
3.170252e-03
3.206968e-03
3.249407e-03
3.189087e-03
3.176212e-03
3.207922e-03
3.116369e-03
