3.731251e-04
2.563000e-04
2.088547e-04
2.036095e-04
1.995564e-04
2.021790e-04
2.143383e-04
2.017021e-04
2.121925e-04
2.014637e-04
1.959801e-04
2.036095e-04
2.093315e-04
2.038479e-04
2.114773e-04
2.007484e-04
2.074242e-04
2.009869e-04
2.083778e-04
2.014637e-04
2.100468e-04
2.007484e-04
2.079010e-04
2.012253e-04
2.110004e-04
2.024174e-04
1.986027e-04
2.019405e-04
2.095699e-04
2.019405e-04
2.105236e-04
2.012253e-04
2.076626e-04
2.007484e-04
2.112389e-04
2.019405e-04
2.019405e-04
2.040863e-04
2.100468e-04
2.019405e-04
2.069473e-04
2.005100e-04
2.105236e-04
2.152920e-04
2.558231e-04
2.098083e-04
2.608299e-04
2.255440e-04
2.660751e-04
3.182888e-04
2.653599e-04
2.601147e-04
2.672672e-04
3.128052e-04
2.636909e-04
2.617836e-04
2.653599e-04
3.137589e-04
2.701283e-04
2.603531e-04
2.689362e-04
3.132820e-04
2.644062e-04
2.608299e-04
2.670288e-04
3.142357e-04
2.686977e-04
2.603531e-04
2.636909e-04
3.132820e-04
2.689362e-04
2.579689e-04
2.670288e-04
3.147125e-04
2.667904e-04
2.591610e-04
2.655983e-04
3.142357e-04
2.682209e-04
2.596378e-04
2.665520e-04
3.192425e-04
2.689362e-04
2.601147e-04
2.660751e-04
3.268719e-04
2.660751e-04
2.603531e-04
2.691746e-04
3.156662e-04
2.713203e-04
2.653599e-04
2.653599e-04
3.137589e-04
2.689362e-04
2.615452e-04
2.663136e-04
3.149509e-04
2.686977e-04
2.603531e-04
2.660751e-04
2.622604e-04
2.636909e-04
2.663136e-04
2.677441e-04
2.658367e-04
2.660751e-04
2.663136e-04
2.655983e-04
2.653599e-04
2.646446e-04
2.677441e-04
2.663136e-04
2.651215e-04
2.667904e-04
2.658367e-04
2.658367e-04
2.629757e-04
2.658367e-04
2.665520e-04
2.653599e-04
2.648830e-04
2.660751e-04
2.651215e-04
2.665520e-04
2.658367e-04
2.653599e-04
2.658367e-04
2.679825e-04
2.663136e-04
2.627373e-04
2.634525e-04
2.670288e-04
2.691746e-04
2.624989e-04
2.691746e-04
2.653599e-04
2.660751e-04
2.667904e-04
2.648830e-04
2.660751e-04
2.653599e-04
2.641678e-04
2.655983e-04
2.653599e-04
2.684593e-04
2.655983e-04
2.646446e-04
2.660751e-04
2.648830e-04
2.655983e-04
2.655983e-04
2.636909e-04
2.651215e-04
2.546310e-04
3.173351e-04
3.144741e-04
3.111362e-04
3.144741e-04
3.149509e-04
3.166199e-04
3.123283e-04
3.144741e-04
3.166199e-04
3.161430e-04
3.108978e-04
3.142357e-04
3.154278e-04
3.149509e-04
3.159046e-04
3.159046e-04
3.130436e-04
3.132820e-04
3.142357e-04
3.135204e-04
3.142357e-04
3.128052e-04
3.139973e-04
3.106594e-04
3.106594e-04
3.156662e-04
3.135204e-04
3.154278e-04
2.675056e-04
2.202988e-04
2.200603e-04
2.171993e-04
2.663136e-04
2.200603e-04
2.167225e-04
2.121925e-04
2.670288e-04
2.198219e-04
2.212524e-04
2.169609e-04
2.658367e-04
2.176762e-04
2.167225e-04
2.164841e-04
2.689362e-04
2.198219e-04
2.174377e-04
2.090931e-04
2.737045e-04
2.186298e-04
2.193451e-04
2.167225e-04
2.655983e-04
2.200603e-04
2.200603e-04
2.138615e-04
2.698898e-04
2.155304e-04
2.193451e-04
2.169609e-04
2.648830e-04
2.188683e-04
2.188683e-04
2.276897e-04
2.670288e-04
2.200603e-04
2.174377e-04
2.143383e-04
2.698898e-04
2.193451e-04
2.152920e-04
2.131462e-04
2.684593e-04
2.205372e-04
2.169609e-04
2.160072e-04
2.691746e-04
2.160072e-04
2.193451e-04
2.167225e-04
2.675056e-04
2.200603e-04
2.191067e-04
2.102852e-04
2.658367e-04
2.222061e-04
2.171993e-04
2.145767e-04
2.636909e-04
2.193451e-04
2.202988e-04
2.081394e-04
2.675056e-04
2.200603e-04
2.174377e-04
2.202988e-04
2.665520e-04
2.217293e-04
2.179146e-04
2.157688e-04
2.634525e-04
2.200603e-04
2.176762e-04
2.129078e-04
2.744198e-04
2.272129e-04
2.198219e-04
2.126694e-04
2.684593e-04
2.186298e-04
2.193451e-04
2.114773e-04
2.639294e-04
2.262592e-04
2.222061e-04
2.164841e-04
2.651215e-04
2.152920e-04
2.186298e-04
2.140999e-04
2.686977e-04
2.236366e-04
2.202988e-04
2.133846e-04
2.670288e-04
2.210140e-04
2.181530e-04
2.140999e-04
2.667904e-04
2.169609e-04
2.200603e-04
2.164841e-04
2.665520e-04
2.198219e-04
2.186298e-04
2.102852e-04
2.670288e-04
2.198219e-04
2.200603e-04
2.150536e-04
2.677441e-04
2.193451e-04
2.193451e-04
2.157688e-04
2.629757e-04
2.169609e-04
2.198219e-04
2.140999e-04
2.677441e-04
2.179146e-04
2.186298e-04
2.090931e-04
2.675056e-04
2.200603e-04
2.198219e-04
2.136230e-04
2.663136e-04
2.200603e-04
2.145767e-04
2.164841e-04
2.636909e-04
2.188683e-04
2.114773e-04
2.202988e-04
2.143383e-04
2.253056e-04
2.126694e-04
2.157688e-04
2.090931e-04
2.200603e-04
2.169609e-04
2.236366e-04
2.140999e-04
2.171993e-04
2.131462e-04
2.174377e-04
2.167225e-04
2.212524e-04
2.136230e-04
2.160072e-04
2.160072e-04
2.198219e-04
2.162457e-04
2.186298e-04
2.143383e-04
2.155304e-04
2.191067e-04
2.210140e-04
2.171993e-04
2.191067e-04
2.112389e-04
2.198219e-04
2.167225e-04
2.191067e-04
2.162457e-04
2.198219e-04
2.145767e-04
2.210140e-04
2.186298e-04
2.200603e-04
2.107620e-04
2.565384e-04
2.100468e-04
2.584457e-04
2.102852e-04
2.567768e-04
2.057552e-04
2.560616e-04
2.105236e-04
2.563000e-04
2.090931e-04
2.591610e-04
2.107620e-04
2.555847e-04
2.102852e-04
2.555847e-04
2.076626e-04
2.572536e-04
2.062321e-04
2.553463e-04
2.098083e-04
2.558231e-04
2.133846e-04
2.560616e-04
2.133846e-04
2.529621e-04
2.110004e-04
2.551079e-04
2.105236e-04
2.546310e-04
2.138615e-04
2.572536e-04
2.098083e-04
2.524853e-04
2.126694e-04
2.584457e-04
2.129078e-04
2.543926e-04
2.133846e-04
2.534389e-04
2.136230e-04
2.565384e-04
2.138615e-04
2.563000e-04
2.136230e-04
2.582073e-04
2.138615e-04
2.589226e-04
2.098083e-04
2.541542e-04
2.133846e-04
2.586842e-04
2.155304e-04
2.579689e-04
2.126694e-04
2.586842e-04
2.067089e-04
2.596378e-04
2.644062e-04
2.696514e-04
2.090931e-04
2.007484e-04
2.558231e-04
2.069473e-04
2.093315e-04
2.021790e-04
2.555847e-04
2.102852e-04
2.064705e-04
2.014637e-04
2.560616e-04
2.090931e-04
2.069473e-04
2.014637e-04
2.560616e-04
2.095699e-04
2.074242e-04
2.038479e-04
2.536774e-04
2.098083e-04
2.069473e-04
2.043247e-04
2.572536e-04
2.069473e-04
2.083778e-04
2.005100e-04
2.579689e-04
2.064705e-04
2.088547e-04
2.033710e-04
2.579689e-04
2.064705e-04
2.071857e-04
2.002716e-04
2.548695e-04
2.083778e-04
2.074242e-04
2.024174e-04
2.567768e-04
2.074242e-04
2.102852e-04
2.005100e-04
2.567768e-04
2.095699e-04
2.095699e-04
2.036095e-04
2.546310e-04
2.098083e-04
2.064705e-04
2.043247e-04
2.558231e-04
2.081394e-04
2.069473e-04
2.038479e-04
2.532005e-04
2.093315e-04
2.090931e-04
2.045631e-04
2.527237e-04
2.086163e-04
2.074242e-04
2.014637e-04
2.558231e-04
2.121925e-04
2.079010e-04
2.069473e-04
2.560616e-04
2.069473e-04
2.100468e-04
2.005100e-04
2.629757e-04
2.226830e-04
2.679825e-04
2.191067e-04
2.605915e-04
2.603531e-04
2.596378e-04
2.603531e-04
2.586842e-04
2.570152e-04
2.591610e-04
2.601147e-04
2.615452e-04
2.608299e-04
2.605915e-04
2.605915e-04
2.608299e-04
2.555847e-04
2.589226e-04
2.596378e-04
2.603531e-04
2.608299e-04
2.577305e-04
2.601147e-04
2.605915e-04
2.629757e-04
2.605915e-04
2.610683e-04
2.641678e-04
2.624989e-04
2.608299e-04
2.596378e-04
2.610683e-04
2.591610e-04
2.601147e-04
2.601147e-04
2.603531e-04
2.582073e-04
2.572536e-04
2.584457e-04
2.629757e-04
2.574921e-04
2.586842e-04
2.584457e-04
2.593994e-04
2.613068e-04
2.605915e-04
2.608299e-04
2.601147e-04
2.601147e-04
2.608299e-04
2.596378e-04
2.577305e-04
2.601147e-04
2.629757e-04
2.605915e-04
2.605915e-04
2.582073e-04
2.603531e-04
2.624989e-04
2.722740e-04
2.622604e-04
2.601147e-04
2.601147e-04
2.596378e-04
2.608299e-04
2.601147e-04
2.598763e-04
2.608299e-04
2.572536e-04
2.596378e-04
2.582073e-04
2.596378e-04
2.603531e-04
2.603531e-04
2.598763e-04
2.603531e-04
2.605915e-04
2.593994e-04
2.586842e-04
2.608299e-04
2.596378e-04
2.591610e-04
2.605915e-04
2.615452e-04
2.608299e-04
2.613068e-04
2.598763e-04
2.613068e-04
2.596378e-04
2.596378e-04
2.605915e-04
2.601147e-04
2.725124e-04
2.591610e-04
2.593994e-04
2.570152e-04
2.613068e-04
2.613068e-04
2.613068e-04
2.608299e-04
2.591610e-04
2.593994e-04
2.603531e-04
2.601147e-04
2.603531e-04
2.605915e-04
2.613068e-04
2.589226e-04
2.617836e-04
2.567768e-04
2.570152e-04
2.591610e-04
2.608299e-04
2.603531e-04
2.586842e-04
2.603531e-04
2.598763e-04
2.605915e-04
2.603531e-04
2.617836e-04
2.603531e-04
2.582073e-04
2.601147e-04
2.598763e-04
2.608299e-04
2.596378e-04
2.605915e-04
2.717972e-04
2.603531e-04
2.603531e-04
2.143383e-04
2.655983e-04
2.663136e-04
2.682209e-04
2.121925e-04
2.670288e-04
2.214909e-04
2.193451e-04
2.131462e-04
2.636909e-04
2.160072e-04
2.202988e-04
2.167225e-04
2.686977e-04
2.210140e-04
2.191067e-04
2.689362e-04
2.148151e-04
2.665520e-04
2.200603e-04
2.694130e-04
2.164841e-04
2.684593e-04
2.198219e-04
2.682209e-04
2.219677e-04
2.698898e-04
2.157688e-04
2.624989e-04
2.205372e-04
2.739429e-04
2.198219e-04
2.632141e-04
2.195835e-04
2.677441e-04
2.188683e-04
2.660751e-04
2.181530e-04
2.677441e-04
2.200603e-04
2.682209e-04
2.191067e-04
2.710819e-04
2.157688e-04
2.648830e-04
2.202988e-04
2.639294e-04
2.171993e-04
2.670288e-04
2.193451e-04
2.644062e-04
2.200603e-04
2.675056e-04
2.181530e-04
2.651215e-04
2.188683e-04
2.696514e-04
2.188683e-04
2.682209e-04
2.193451e-04
2.651215e-04
2.202988e-04
2.760887e-04
2.164841e-04
2.648830e-04
2.210140e-04
2.703667e-04
2.222061e-04
2.679825e-04
2.171993e-04
2.663136e-04
2.157688e-04
2.646446e-04
2.202988e-04
2.686977e-04
2.167225e-04
2.624989e-04
2.217293e-04
2.679825e-04
2.222061e-04
2.684593e-04
2.169609e-04
2.667904e-04
2.243519e-04
2.672672e-04
2.207756e-04
2.686977e-04
2.229214e-04
2.675056e-04
2.102852e-04
2.005100e-04
2.110004e-04
2.167225e-04
2.572536e-04
2.131462e-04
2.579689e-04
2.121925e-04
2.551079e-04
2.112389e-04
2.551079e-04
2.124310e-04
2.539158e-04
2.131462e-04
2.555847e-04
2.136230e-04
2.560616e-04
2.107620e-04
2.567768e-04
2.090931e-04
2.577305e-04
3.156662e-04
2.770424e-04
2.584457e-04
2.667904e-04
3.142357e-04
3.137589e-04
3.170967e-04
3.104210e-04
3.142357e-04
3.137589e-04
3.173351e-04
3.137589e-04
3.151894e-04
3.149509e-04
3.173351e-04
3.106594e-04
3.156662e-04
3.185272e-04
3.144741e-04
3.097057e-04
3.168583e-04
3.130436e-04
3.130436e-04
3.128052e-04
3.163815e-04
3.149509e-04
3.175735e-04
3.178120e-04
3.149509e-04
3.144741e-04
3.175735e-04
3.142357e-04
3.144741e-04
3.139973e-04
3.154278e-04
3.130436e-04
3.180504e-04
3.147125e-04
3.204346e-04
3.139973e-04
3.151894e-04
3.116131e-04
3.149509e-04
3.139973e-04
3.118515e-04
3.147125e-04
3.170967e-04
3.149509e-04
3.182888e-04
3.147125e-04
3.156662e-04
3.142357e-04
3.151894e-04
3.149509e-04
3.159046e-04
3.170967e-04
3.151894e-04
3.139973e-04
3.149509e-04
3.144741e-04
3.144741e-04
3.135204e-04
3.139973e-04
3.130436e-04
3.206730e-04
3.135204e-04
3.225803e-04
3.163815e-04
3.125668e-04
3.144741e-04
3.151894e-04
3.168583e-04
3.139973e-04
3.139973e-04
3.142357e-04
3.144741e-04
3.182888e-04
3.137589e-04
3.139973e-04
3.149509e-04
3.151894e-04
3.132820e-04
3.149509e-04
3.149509e-04
3.149509e-04
3.149509e-04
2.160072e-04
2.164841e-04
2.174377e-04
2.169609e-04
2.706051e-04
2.651215e-04
2.105236e-04
2.081394e-04
1.997948e-04
2.589226e-04
2.443790e-04
2.093315e-04
2.012253e-04
2.446175e-04
2.133846e-04
2.088547e-04
2.019405e-04
3.623962e-04
2.102852e-04
2.081394e-04
2.014637e-04
2.536774e-04
2.105236e-04
2.076626e-04
2.040863e-04
2.546310e-04
2.064705e-04
2.050400e-04
2.002716e-04
2.522469e-04
2.081394e-04
2.100468e-04
2.136230e-04
2.043247e-04
2.577305e-04
2.071857e-04
2.062321e-04
2.024174e-04
2.555847e-04
2.069473e-04
2.062321e-04
1.974106e-04
2.536774e-04
2.057552e-04
2.057552e-04
1.995564e-04
2.574921e-04
2.052784e-04
2.067089e-04
2.005100e-04
2.551079e-04
2.069473e-04
2.064705e-04
2.036095e-04
2.560616e-04
2.083778e-04
2.067089e-04
2.040863e-04
2.541542e-04
2.064705e-04
2.093315e-04
2.028942e-04
2.489090e-04
2.071857e-04
2.090931e-04
2.009869e-04
2.560616e-04
2.083778e-04
2.076626e-04
2.033710e-04
2.555847e-04
2.069473e-04
2.148151e-04
2.660751e-04
2.686977e-04
2.684593e-04
2.677441e-04
2.655983e-04
2.663136e-04
2.658367e-04
2.658367e-04
2.660751e-04
2.670288e-04
2.691746e-04
2.663136e-04
2.670288e-04
2.667904e-04
2.663136e-04
2.658367e-04
2.658367e-04
2.689362e-04
2.696514e-04
2.653599e-04
2.655983e-04
2.663136e-04
2.660751e-04
2.672672e-04
2.696514e-04
2.655983e-04
2.658367e-04
2.686977e-04
2.627373e-04
2.660751e-04
2.655983e-04
2.660751e-04
2.667904e-04
2.648830e-04
2.682209e-04
2.675056e-04
2.677441e-04
2.651215e-04
2.646446e-04
2.653599e-04
2.658367e-04
2.655983e-04
2.658367e-04
2.655983e-04
2.667904e-04
2.756119e-04
2.672672e-04
2.639294e-04
2.667904e-04
2.684593e-04
2.655983e-04
2.648830e-04
2.682209e-04
2.660751e-04
2.658367e-04
2.651215e-04
2.658367e-04
2.646446e-04
2.689362e-04
2.653599e-04
2.684593e-04
2.622604e-04
2.586842e-04
2.648830e-04
3.104210e-04
2.648830e-04
2.589226e-04
2.644062e-04
3.132820e-04
2.689362e-04
2.615452e-04
2.670288e-04
3.139973e-04
2.710819e-04
2.608299e-04
2.660751e-04
3.163815e-04
2.629757e-04
2.605915e-04
2.694130e-04
3.139973e-04
2.663136e-04
2.706051e-04
2.663136e-04
3.147125e-04
2.040863e-04
2.653599e-04
3.142357e-04
2.667904e-04
2.589226e-04
2.665520e-04
3.166199e-04
2.598763e-04
2.603531e-04
2.646446e-04
3.144741e-04
2.651215e-04
2.605915e-04
2.675056e-04
3.144741e-04
2.660751e-04
2.667904e-04
2.651215e-04
3.168583e-04
2.663136e-04
2.603531e-04
2.655983e-04
3.139973e-04
2.660751e-04
2.598763e-04
2.646446e-04
3.144741e-04
2.627373e-04
2.708435e-04
2.672672e-04
