2.640963e-03
1.780748e-03
1.925945e-03
1.878977e-03
1.862288e-03
1.863718e-03
1.868486e-03
1.897335e-03
1.653194e-03
1.610279e-03
1.654387e-03
1.708031e-03
1.873016e-03
1.884937e-03
1.891136e-03
1.845837e-03
1.877546e-03
1.865387e-03
1.858950e-03
1.856804e-03
1.874924e-03
1.834869e-03
1.885891e-03
1.913309e-03
1.893520e-03
1.591206e-03
1.877546e-03
1.888752e-03
1.911163e-03
1.867771e-03
1.915693e-03
1.903534e-03
1.912832e-03
1.874447e-03
1.900673e-03
1.906157e-03
1.906872e-03
1.863241e-03
1.909494e-03
1.896620e-03
1.918316e-03
1.875401e-03
1.940966e-03
1.887798e-03
1.915455e-03
1.881599e-03
1.912117e-03
1.884222e-03
1.867533e-03
1.877308e-03
1.893282e-03
1.915455e-03
1.819611e-03
1.636744e-03
1.835823e-03
1.867771e-03
1.884937e-03
1.614809e-03
1.603842e-03
1.882553e-03
1.887083e-03
1.909018e-03
1.862288e-03
1.874447e-03
1.876354e-03
1.879692e-03
1.909971e-03
1.877308e-03
1.640558e-03
1.878023e-03
1.868963e-03
1.908779e-03
1.871109e-03
1.897097e-03
1.879692e-03
1.903057e-03
1.868486e-03
1.909018e-03
1.894236e-03
1.909018e-03
1.859665e-03
1.885891e-03
1.846552e-03
1.892567e-03
1.868248e-03
1.860857e-03
1.851082e-03
1.898050e-03
1.874447e-03
1.873016e-03
1.861811e-03
1.908064e-03
1.878023e-03
1.905680e-03
1.863956e-03
1.906157e-03
1.851320e-03
1.865387e-03
1.587391e-03
1.885891e-03
1.905918e-03
1.889944e-03
1.899004e-03
1.871586e-03
1.867533e-03
1.901388e-03
1.864910e-03
1.858711e-03
1.841545e-03
1.873255e-03
1.827478e-03
1.847744e-03
1.852751e-03
1.896858e-03
1.855612e-03
1.912117e-03
1.854897e-03
1.878262e-03
1.641512e-03
1.825809e-03
1.610279e-03
1.870871e-03
1.863480e-03
1.901388e-03
1.870394e-03
1.881361e-03
1.593590e-03
1.871109e-03
1.868486e-03
1.909256e-03
1.643658e-03
1.849651e-03
1.593113e-03
1.874208e-03
1.592636e-03
1.869440e-03
1.861095e-03
1.863480e-03
1.873016e-03
1.880169e-03
1.641035e-03
1.839399e-03
1.611710e-03
1.867056e-03
1.863718e-03
1.901865e-03
1.860380e-03
1.866579e-03
1.591682e-03
1.870871e-03
1.861811e-03
1.837969e-03
1.890898e-03
1.876354e-03
1.888037e-03
1.875639e-03
1.870871e-03
1.878500e-03
1.899719e-03
1.886845e-03
1.869917e-03
1.910686e-03
1.889944e-03
1.904964e-03
1.881361e-03
1.843214e-03
1.863003e-03
1.876116e-03
1.897335e-03
1.864195e-03
1.859188e-03
1.603127e-03
1.887560e-03
1.855612e-03
1.907110e-03
1.866579e-03
1.853943e-03
1.587868e-03
1.877785e-03
1.817465e-03
1.844406e-03
1.844168e-03
1.865149e-03
1.859188e-03
1.863718e-03
1.590967e-03
1.880884e-03
1.827478e-03
1.845121e-03
1.609802e-03
1.869202e-03
1.859188e-03
1.834393e-03
1.590252e-03
1.863718e-03
1.641273e-03
1.847029e-03
1.843452e-03
1.847029e-03
1.610756e-03
1.864433e-03
1.859903e-03
1.854897e-03
1.875401e-03
1.857042e-03
1.589298e-03
1.872778e-03
1.831055e-03
1.849174e-03
1.873255e-03
1.896858e-03
1.875162e-03
1.909733e-03
1.890898e-03
1.897573e-03
1.836061e-03
1.858234e-03
1.849413e-03
1.868248e-03
1.913071e-03
1.894474e-03
1.894712e-03
1.874447e-03
1.898050e-03
1.849890e-03
1.834631e-03
1.901388e-03
1.835108e-03
1.877069e-03
1.862288e-03
1.883268e-03
1.884222e-03
1.903296e-03
1.895666e-03
1.899719e-03
1.832485e-03
1.858950e-03
1.886368e-03
1.879692e-03
1.918316e-03
1.611948e-03
1.864672e-03
1.872301e-03
1.878023e-03
1.857042e-03
1.872301e-03
1.858473e-03
1.843929e-03
1.882315e-03
1.888037e-03
1.884699e-03
1.843214e-03
1.869440e-03
1.886129e-03
1.882553e-03
1.905203e-03
1.886129e-03
1.840591e-03
1.895666e-03
1.858473e-03
1.883984e-03
1.883268e-03
1.907349e-03
1.879454e-03
1.912594e-03
1.890659e-03
1.901388e-03
1.873255e-03
1.902342e-03
1.873016e-03
1.911402e-03
1.876116e-03
1.905203e-03
1.858234e-03
1.901150e-03
1.831770e-03
1.877308e-03
1.920462e-03
1.878023e-03
1.909971e-03
1.876831e-03
1.912594e-03
1.878977e-03
1.896858e-03
1.861095e-03
1.866817e-03
1.635790e-03
1.881599e-03
1.902819e-03
1.578808e-03
1.872301e-03
1.640081e-03
1.829624e-03
1.845121e-03
1.867533e-03
1.845837e-03
1.882076e-03
1.914978e-03
1.888037e-03
1.842499e-03
1.898527e-03
1.886129e-03
1.879930e-03
1.836061e-03
1.886606e-03
1.860619e-03
1.900196e-03
1.864910e-03
1.847744e-03
1.862526e-03
1.844883e-03
1.868010e-03
1.909733e-03
1.875162e-03
1.908779e-03
1.875877e-03
1.902103e-03
1.886129e-03
1.863480e-03
1.864195e-03
1.863480e-03
1.859665e-03
1.871109e-03
1.609802e-03
1.868725e-03
1.883507e-03
1.638651e-03
1.847982e-03
1.861572e-03
1.869440e-03
1.864672e-03
1.899242e-03
1.877308e-03
1.646757e-03
1.881123e-03
1.860142e-03
1.890421e-03
1.850128e-03
1.898050e-03
1.880884e-03
1.907110e-03
1.865864e-03
1.906157e-03
1.884460e-03
1.904964e-03
1.861572e-03
1.904488e-03
1.879454e-03
1.909018e-03
1.876593e-03
1.885653e-03
1.864433e-03
1.890898e-03
1.863003e-03
1.894474e-03
1.612663e-03
1.869202e-03
1.880407e-03
1.867533e-03
1.638412e-03
1.832247e-03
1.883984e-03
1.904011e-03
1.860142e-03
1.912832e-03
1.928806e-03
1.642227e-03
1.889229e-03
1.909256e-03
1.863956e-03
1.910686e-03
1.873732e-03
1.853943e-03
1.591444e-03
1.880407e-03
1.901388e-03
1.895905e-03
1.611233e-03
1.853943e-03
1.870394e-03
1.847982e-03
1.588345e-03
1.869678e-03
1.909256e-03
1.878977e-03
1.877785e-03
1.881599e-03
1.858711e-03
1.845121e-03
1.833200e-03
1.881361e-03
1.904011e-03
1.860619e-03
1.908064e-03
1.892805e-03
1.906633e-03
1.872778e-03
1.905203e-03
1.872301e-03
1.903296e-03
1.857996e-03
1.833439e-03
1.886129e-03
1.894474e-03
1.638174e-03
1.889467e-03
1.879930e-03
1.886368e-03
1.855135e-03
1.905441e-03
1.881361e-03
1.643419e-03
1.843691e-03
1.862764e-03
1.886606e-03
1.634598e-03
1.864910e-03
1.860857e-03
1.911163e-03
1.866817e-03
1.855373e-03
1.842976e-03
1.859188e-03
1.885653e-03
1.881361e-03
1.894951e-03
1.879692e-03
1.904011e-03
1.874924e-03
1.854420e-03
1.870394e-03
1.887321e-03
1.904249e-03
1.889706e-03
1.903296e-03
1.888514e-03
1.867056e-03
1.899004e-03
1.877069e-03
1.893044e-03
1.877308e-03
1.904488e-03
1.896858e-03
1.902103e-03
1.845360e-03
1.866579e-03
1.868248e-03
1.891851e-03
1.904964e-03
1.894712e-03
1.905918e-03
1.889706e-03
1.908541e-03
1.883268e-03
1.910210e-03
1.892567e-03
1.904011e-03
1.891375e-03
1.899004e-03
1.843691e-03
1.848459e-03
1.848221e-03
1.865864e-03
1.907349e-03
1.864195e-03
1.899481e-03
1.877546e-03
1.917839e-03
1.871586e-03
1.892328e-03
1.871347e-03
1.886845e-03
1.869678e-03
1.840830e-03
1.882553e-03
2.156258e-03
1.882792e-03
1.894474e-03
1.867056e-03
1.890421e-03
1.867294e-03
1.861811e-03
1.854897e-03
1.860619e-03
1.841545e-03
1.858950e-03
1.837492e-03
1.860619e-03
1.911163e-03
1.881123e-03
1.907349e-03
1.854658e-03
1.855373e-03
1.600742e-03
1.874685e-03
1.857519e-03
1.846075e-03
1.849890e-03
1.870632e-03
1.837969e-03
1.859665e-03
1.856089e-03
1.857042e-03
1.863956e-03
1.890659e-03
1.911402e-03
1.856804e-03
1.906395e-03
1.652956e-03
1.839876e-03
1.603365e-03
1.890182e-03
1.848221e-03
1.847267e-03
1.609325e-03
1.861095e-03
1.583099e-03
1.864910e-03
1.591921e-03
1.873493e-03
1.843929e-03
1.912594e-03
1.859665e-03
1.902580e-03
1.870632e-03
1.905203e-03
1.865149e-03
1.902580e-03
1.861095e-03
1.912832e-03
1.853704e-03
1.853704e-03
1.602888e-03
1.879454e-03
1.856089e-03
1.879692e-03
1.884937e-03
1.903057e-03
1.889229e-03
1.905203e-03
1.895905e-03
1.885414e-03
1.879692e-03
1.638174e-03
1.847982e-03
1.844883e-03
1.852036e-03
1.840115e-03
1.875162e-03
1.866579e-03
1.910925e-03
1.864672e-03
1.908064e-03
1.862288e-03
1.912355e-03
1.862764e-03
1.910210e-03
1.866579e-03
1.909494e-03
1.859188e-03
1.905918e-03
1.862764e-03
1.842499e-03
1.593828e-03
1.870871e-03
1.894474e-03
1.865864e-03
1.885176e-03
1.859665e-03
1.865149e-03
1.895189e-03
1.903772e-03
1.861334e-03
1.906157e-03
1.886368e-03
1.903296e-03
1.850128e-03
1.850367e-03
1.869917e-03
1.874208e-03
1.859903e-03
1.890182e-03
1.878023e-03
1.858473e-03
1.684427e-03
1.864433e-03
1.884937e-03
1.905441e-03
1.892090e-03
1.905680e-03
1.879692e-03
1.867533e-03
1.907587e-03
1.890659e-03
1.908064e-03
1.870632e-03
1.862764e-03
1.841068e-03
1.873255e-03
1.900911e-03
1.889706e-03
1.906633e-03
1.886368e-03
1.908302e-03
1.876593e-03
1.857758e-03
1.890898e-03
1.884222e-03
1.908064e-03
1.855373e-03
1.871586e-03
1.864672e-03
1.884222e-03
1.851559e-03
1.878977e-03
1.860857e-03
1.903296e-03
1.872540e-03
1.853466e-03
1.872301e-03
1.888514e-03
1.905680e-03
1.893759e-03
1.850367e-03
1.901627e-03
1.859188e-03
1.853466e-03
1.861811e-03
1.875401e-03
1.638889e-03
1.832962e-03
1.840830e-03
1.844406e-03
1.860857e-03
1.589298e-03
1.882315e-03
1.903772e-03
1.891613e-03
1.611948e-03
1.873493e-03
1.894712e-03
1.902103e-03
1.853228e-03
1.853943e-03
1.841307e-03
1.857281e-03
1.604319e-03
1.837015e-03
1.861572e-03
1.893759e-03
1.857996e-03
1.906633e-03
1.878500e-03
1.638412e-03
1.875639e-03
1.867533e-03
1.639366e-03
1.832008e-03
1.865625e-03
1.856327e-03
1.614571e-03
1.864195e-03
1.878023e-03
1.901865e-03
1.856804e-03
1.837492e-03
1.897335e-03
1.874208e-03
1.640081e-03
1.847982e-03
1.880407e-03
1.901150e-03
1.861334e-03
1.867294e-03
1.892090e-03
1.857042e-03
1.839399e-03
1.871824e-03
1.883507e-03
1.860380e-03
1.847029e-03
1.865149e-03
1.882076e-03
1.869202e-03
1.906633e-03
1.875401e-03
1.637459e-03
1.836777e-03
1.864910e-03
1.857281e-03
1.838684e-03
1.874685e-03
1.878738e-03
1.904249e-03
1.858950e-03
1.903772e-03
1.881838e-03
1.639605e-03
1.874685e-03
1.873493e-03
1.909256e-03
1.866102e-03
1.909018e-03
1.875162e-03
1.902103e-03
1.861334e-03
1.718998e-03
1.864672e-03
1.854420e-03
1.859426e-03
1.885176e-03
1.857996e-03
1.873493e-03
1.888037e-03
1.904488e-03
1.870871e-03
1.857281e-03
1.886606e-03
1.884699e-03
1.639128e-03
1.881361e-03
1.873970e-03
1.886606e-03
1.611233e-03
1.839161e-03
1.616955e-03
1.861334e-03
1.878262e-03
1.880646e-03
1.643181e-03
1.880646e-03
1.866817e-03
1.851082e-03
1.882076e-03
1.842022e-03
1.871586e-03
1.902819e-03
1.881361e-03
1.924515e-03
1.872063e-03
1.832247e-03
1.603603e-03
1.883984e-03
1.850843e-03
1.907587e-03
1.881123e-03
1.841784e-03
1.892090e-03
1.857042e-03
1.851082e-03
1.857281e-03
1.844406e-03
1.857996e-03
1.889229e-03
1.661539e-03
1.841545e-03
1.881361e-03
1.638174e-03
1.894951e-03
1.850367e-03
1.899958e-03
1.842976e-03
1.860857e-03
1.901865e-03
1.871109e-03
1.857519e-03
1.854420e-03
1.867056e-03
1.873732e-03
1.848936e-03
1.899004e-03
1.871347e-03
1.865149e-03
1.900911e-03
1.584768e-03
1.882792e-03
1.880169e-03
1.899481e-03
1.877308e-03
1.839876e-03
1.877308e-03
1.901627e-03
1.873732e-03
1.880646e-03
1.884460e-03
1.591682e-03
1.859903e-03
1.637459e-03
1.887321e-03
1.850128e-03
1.886368e-03
1.854420e-03
1.894474e-03
1.858234e-03
1.855612e-03
1.605749e-03
1.845598e-03
1.612663e-03
1.870155e-03
1.855135e-03
1.868725e-03
1.638174e-03
1.829863e-03
1.847982e-03
1.881838e-03
1.923323e-03
2.084255e-03
1.864433e-03
1.868248e-03
1.866341e-03
1.903534e-03
1.871586e-03
1.908779e-03
1.879692e-03
1.870632e-03
1.859426e-03
1.903057e-03
1.866102e-03
1.909256e-03
1.857281e-03
1.911402e-03
1.855850e-03
1.843929e-03
1.599550e-03
1.883030e-03
1.852036e-03
1.899719e-03
1.887798e-03
1.835585e-03
1.847744e-03
1.855612e-03
1.866102e-03
1.877069e-03
1.900911e-03
1.840115e-03
1.875401e-03
1.891136e-03
1.820087e-03
1.906872e-03
1.872540e-03
1.881838e-03
1.882315e-03
1.880169e-03
1.880169e-03
1.900196e-03
1.882076e-03
1.837969e-03
1.836061e-03
1.880646e-03
1.902342e-03
1.839399e-03
1.885414e-03
1.902342e-03
1.897335e-03
1.590252e-03
1.878262e-03
1.879454e-03
1.871586e-03
1.591206e-03
1.865149e-03
1.859903e-03
1.851797e-03
1.897335e-03
1.879930e-03
1.884699e-03
1.858711e-03
1.904249e-03
1.842499e-03
1.872778e-03
1.883268e-03
1.879215e-03
1.902342e-03
1.878738e-03
1.857281e-03
1.893759e-03
1.851797e-03
1.867533e-03
1.610279e-03
1.869202e-03
1.866579e-03
1.862764e-03
1.588821e-03
1.875639e-03
1.877069e-03
1.881123e-03
1.898289e-03
1.832962e-03
1.891851e-03
1.906633e-03
1.887560e-03
1.902819e-03
1.888990e-03
1.642942e-03
1.892567e-03
1.841545e-03
1.884222e-03
1.821995e-03
1.840591e-03
1.853943e-03
1.858234e-03
1.611233e-03
1.866817e-03
1.862049e-03
1.916170e-03
1.870155e-03
1.896858e-03
1.578569e-03
1.878500e-03
1.642466e-03
1.882076e-03
1.609325e-03
1.867294e-03
1.858234e-03
1.857519e-03
1.884699e-03
1.856327e-03
1.866341e-03
1.886606e-03
1.875639e-03
1.868010e-03
1.881123e-03
1.639366e-03
1.872063e-03
1.851082e-03
1.906872e-03
1.860619e-03
1.858711e-03
1.838923e-03
1.886368e-03
1.645088e-03
1.885891e-03
1.857042e-03
1.907349e-03
1.871347e-03
1.905918e-03
1.852989e-03
1.843452e-03
1.603842e-03
1.867056e-03
1.847982e-03
1.899481e-03
1.866341e-03
1.904964e-03
1.875877e-03
1.907110e-03
1.884460e-03
1.905203e-03
1.863718e-03
1.878500e-03
1.883030e-03
1.875877e-03
1.641750e-03
1.827240e-03
1.864433e-03
1.883745e-03
1.852512e-03
1.889467e-03
1.895905e-03
2.600908e-03
2.607584e-03
1.883268e-03
1.681805e-03
1.864195e-03
1.857758e-03
1.852512e-03
1.861572e-03
1.872540e-03
1.850128e-03
1.837015e-03
1.841307e-03
1.885176e-03
1.871586e-03
1.885414e-03
1.609802e-03
1.845360e-03
1.655340e-03
1.603603e-03
1.878262e-03
1.859665e-03
1.868248e-03
1.577139e-03
1.873016e-03
1.899958e-03
1.883745e-03
1.850843e-03
1.894236e-03
1.876354e-03
1.823664e-03
1.893520e-03
1.852036e-03
1.870155e-03
1.863003e-03
1.900434e-03
1.830816e-03
1.859426e-03
1.839399e-03
1.879692e-03
1.854658e-03
1.842022e-03
1.613617e-03
