4.064322e-03
3.662109e-04
4.220009e-04
4.053116e-04
4.248619e-04
4.074574e-04
4.289150e-04
3.542900e-04
4.582405e-04
4.079342e-04
4.293919e-04
3.547668e-04
4.603863e-04
4.150867e-04
4.222393e-04
3.542900e-04
4.491806e-04
5.791187e-04
4.611015e-04
3.557205e-04
4.606247e-04
4.117489e-04
4.265308e-04
3.750324e-04
4.298687e-04
4.198551e-04
4.165173e-04
3.917217e-04
4.189014e-04
4.286766e-04
3.948212e-04
4.365444e-04
4.775524e-04
4.494190e-04
4.248619e-04
4.422665e-04
4.169941e-04
3.859997e-04
4.103184e-04
3.905296e-04
4.179478e-04
4.699230e-04
3.902912e-04
4.651546e-04
4.837513e-04
4.065037e-04
3.817081e-04
4.084110e-04
4.577637e-04
3.936291e-04
4.234314e-04
4.410744e-04
3.867149e-04
3.924370e-04
4.172325e-04
4.546642e-04
4.198551e-04
4.067421e-04
4.317760e-04
4.160404e-04
3.907681e-04
4.055500e-04
4.417896e-04
4.060268e-04
4.231930e-04
4.129410e-04
4.444122e-04
3.879070e-04
4.048347e-04
4.401207e-04
4.284382e-04
4.618168e-04
4.682541e-04
4.091263e-04
3.793240e-04
4.332066e-04
4.165173e-04
3.981590e-04
4.138947e-04
4.453659e-04
4.336834e-04
4.084110e-04
4.200935e-04
4.036427e-04
3.733635e-04
4.050732e-04
4.434586e-04
4.510880e-04
4.520416e-04
4.179478e-04
4.403591e-04
4.146099e-04
4.251003e-04
4.153252e-04
4.203320e-04
3.926754e-04
4.503727e-04
4.363060e-04
3.859997e-04
3.881454e-04
3.664494e-04
4.792213e-04
3.685951e-04
4.069805e-04
4.279613e-04
4.119873e-04
4.086494e-04
4.880428e-04
4.603863e-04
4.215240e-04
4.034042e-04
4.448891e-04
4.456043e-04
4.339218e-04
4.487038e-04
3.986359e-04
4.310608e-04
4.343987e-04
3.862381e-04
4.494190e-04
4.160404e-04
4.377365e-04
4.134178e-04
4.010201e-04
4.377365e-04
4.091263e-04
4.327297e-04
4.091263e-04
3.750324e-04
4.043579e-04
4.298687e-04
4.210472e-04
4.274845e-04
4.189014e-04
4.248619e-04
4.503727e-04
4.279613e-04
4.253387e-04
4.029274e-04
4.291534e-04
4.324913e-04
4.236698e-04
4.007816e-04
4.420280e-04
4.274845e-04
4.172325e-04
4.298687e-04
5.824566e-04
3.964901e-04
4.396439e-04
4.174709e-04
4.124641e-04
4.436970e-04
4.386902e-04
4.084110e-04
4.472733e-04
4.148483e-04
4.186630e-04
4.281998e-04
3.907681e-04
3.716946e-04
4.432201e-04
4.160404e-04
4.031658e-04
4.389286e-04
4.262924e-04
4.382133e-04
4.096031e-04
3.814697e-04
4.091263e-04
4.372597e-04
4.041195e-04
4.303455e-04
4.184246e-04
4.312992e-04
4.594326e-04
3.883839e-04
4.191399e-04
4.341602e-04
4.286766e-04
4.541874e-04
4.212856e-04
4.420280e-04
4.017353e-04
4.258156e-04
4.477501e-04
3.840923e-04
4.079342e-04
4.260540e-04
3.612041e-04
4.258156e-04
4.358292e-04
3.936291e-04
3.919601e-04
3.783703e-04
4.439354e-04
4.243851e-04
3.731251e-04
4.177094e-04
4.329681e-04
3.974438e-04
4.680157e-04
4.389286e-04
4.143715e-04
3.991127e-04
4.379749e-04
3.588200e-04
3.888607e-04
4.129410e-04
4.472733e-04
3.643036e-04
4.096031e-04
4.081726e-04
4.017353e-04
3.952980e-04
3.757477e-04
4.107952e-04
4.777908e-04
4.050732e-04
3.991127e-04
4.322529e-04
4.482269e-04
3.895760e-04
4.186630e-04
3.981590e-04
3.812313e-04
4.146099e-04
4.057884e-04
4.596710e-04
4.148483e-04
4.122257e-04
3.929138e-04
3.914833e-04
4.138947e-04
3.890991e-04
4.384518e-04
4.744530e-04
4.577637e-04
4.210472e-04
4.160404e-04
4.053116e-04
3.993511e-04
4.613400e-04
4.007816e-04
3.685951e-04
4.765987e-04
4.062653e-04
3.755093e-04
4.405975e-04
4.172325e-04
3.988743e-04
4.103184e-04
4.358292e-04
4.336834e-04
3.998280e-04
3.960133e-04
4.527569e-04
3.676414e-04
4.146099e-04
4.179478e-04
4.079342e-04
4.260540e-04
4.212856e-04
3.614426e-04
4.441738e-04
4.177094e-04
3.969669e-04
3.654957e-04
3.917217e-04
4.754066e-04
3.938675e-04
3.802776e-04
4.861355e-04
4.169941e-04
4.448891e-04
4.100800e-04
4.091263e-04
4.796982e-04
4.200935e-04
3.986359e-04
4.301071e-04
4.470348e-04
4.074574e-04
4.165173e-04
4.141331e-04
4.081726e-04
4.062653e-04
4.289150e-04
4.596710e-04
4.043579e-04
4.448891e-04
4.322529e-04
4.115105e-04
4.377365e-04
4.084110e-04
4.322529e-04
4.270077e-04
4.177094e-04
4.050732e-04
3.578663e-04
4.000664e-04
4.491806e-04
4.024506e-04
4.038811e-04
4.251003e-04
4.951954e-04
4.458427e-04
3.612041e-04
4.050732e-04
4.534721e-04
4.634857e-04
4.208088e-04
4.041195e-04
4.770756e-04
4.711151e-04
4.470348e-04
3.652573e-04
4.317760e-04
4.422665e-04
4.310608e-04
4.482269e-04
3.652573e-04
4.324913e-04
4.513264e-04
4.494190e-04
4.386902e-04
4.334450e-04
4.565716e-04
4.439354e-04
4.024506e-04
4.510880e-04
3.435612e-04
3.695488e-04
4.370213e-04
3.902912e-04
3.950596e-04
4.086494e-04
4.456043e-04
4.544258e-04
4.200935e-04
4.003048e-04
3.924370e-04
3.733635e-04
4.465580e-04
4.003048e-04
4.119873e-04
4.510880e-04
4.527569e-04
4.353523e-04
4.143715e-04
3.776550e-04
4.117489e-04
3.964901e-04
4.122257e-04
4.196167e-04
3.933907e-04
4.453659e-04
4.389286e-04
3.945827e-04
4.067421e-04
4.303455e-04
4.253387e-04
3.948212e-04
4.167557e-04
3.595352e-04
3.912449e-04
3.802776e-04
4.405975e-04
4.246235e-04
3.969669e-04
3.967285e-04
4.737377e-04
4.267693e-04
4.143715e-04
3.700256e-04
4.370213e-04
3.986359e-04
4.522800e-04
4.246235e-04
4.312992e-04
4.048347e-04
3.938675e-04
4.119873e-04
3.945827e-04
4.048347e-04
3.852844e-04
4.761219e-04
4.310608e-04
4.136562e-04
4.348755e-04
3.914833e-04
4.150867e-04
4.007816e-04
3.771782e-04
3.964901e-04
4.186630e-04
3.547668e-04
3.881454e-04
4.091263e-04
4.107952e-04
3.967285e-04
4.251003e-04
4.374981e-04
4.062653e-04
4.017353e-04
4.129410e-04
4.346371e-04
4.520416e-04
4.410744e-04
4.191399e-04
4.456043e-04
4.112720e-04
3.588200e-04
4.703999e-04
3.905296e-04
3.919601e-04
4.322529e-04
4.243851e-04
3.843307e-04
3.731251e-04
3.871918e-04
4.019737e-04
3.561974e-04
4.189014e-04
4.572868e-04
3.919601e-04
4.160404e-04
4.081726e-04
3.933907e-04
4.191399e-04
4.217625e-04
4.055500e-04
4.053116e-04
4.162788e-04
4.293919e-04
4.065037e-04
4.396439e-04
4.205704e-04
4.212856e-04
4.153252e-04
4.303455e-04
4.274845e-04
4.220009e-04
3.550053e-04
4.014969e-04
4.279613e-04
4.234314e-04
4.043579e-04
4.389286e-04
4.446507e-04
4.074574e-04
3.542900e-04
4.167557e-04
4.281998e-04
3.976822e-04
4.560947e-04
4.663467e-04
3.950596e-04
4.270077e-04
4.372597e-04
4.067421e-04
3.890991e-04
4.425049e-04
4.444122e-04
4.398823e-04
4.158020e-04
4.329681e-04
4.186630e-04
4.312992e-04
4.520416e-04
4.353523e-04
4.215240e-04
4.384518e-04
4.503727e-04
3.762245e-04
4.644394e-04
4.367828e-04
4.174709e-04
3.938675e-04
4.646778e-04
4.041195e-04
4.050732e-04
3.972054e-04
4.446507e-04
4.329681e-04
4.394054e-04
4.241467e-04
3.595352e-04
4.012585e-04
4.017353e-04
4.532337e-04
4.065037e-04
4.076958e-04
4.248619e-04
4.365444e-04
4.396439e-04
4.074574e-04
3.943443e-04
4.236698e-04
4.198551e-04
4.560947e-04
4.668236e-04
4.317760e-04
4.010201e-04
3.659725e-04
4.658699e-04
4.141331e-04
4.122257e-04
4.000664e-04
4.117489e-04
3.988743e-04
4.098415e-04
4.427433e-04
4.363060e-04
4.143715e-04
4.327297e-04
4.065037e-04
4.146099e-04
4.653931e-04
4.100800e-04
3.962517e-04
4.208088e-04
4.241467e-04
4.336834e-04
4.241467e-04
4.031658e-04
4.010201e-04
3.859997e-04
4.060268e-04
4.336834e-04
3.972054e-04
4.346371e-04
4.010201e-04
4.174709e-04
4.401207e-04
4.134178e-04
4.150867e-04
4.439354e-04
3.871918e-04
3.955364e-04
4.074574e-04
4.496574e-04
4.038811e-04
4.525185e-04
4.706383e-04
3.619194e-04
4.239082e-04
4.179478e-04
4.303455e-04
4.062653e-04
4.084110e-04
4.394054e-04
4.472733e-04
3.979206e-04
4.136562e-04
4.224777e-04
4.239082e-04
3.848076e-04
3.905296e-04
3.721714e-04
4.346371e-04
4.742146e-04
3.941059e-04
4.124641e-04
4.673004e-04
3.912449e-04
4.208088e-04
4.088879e-04
4.453659e-04
4.034042e-04
4.074574e-04
4.355907e-04
4.539490e-04
4.379749e-04
4.022121e-04
4.727840e-04
4.267693e-04
4.112720e-04
4.525185e-04
4.005432e-04
4.293919e-04
4.246235e-04
4.029274e-04
4.031658e-04
4.563332e-04
4.341602e-04
3.995895e-04
4.050732e-04
4.835129e-04
4.172325e-04
3.893375e-04
4.057884e-04
4.556179e-04
3.561974e-04
4.134178e-04
4.229546e-04
4.673004e-04
4.465580e-04
3.726482e-04
4.186630e-04
4.155636e-04
4.055500e-04
4.458427e-04
4.343987e-04
4.534721e-04
3.983974e-04
3.919601e-04
4.014969e-04
4.410744e-04
4.208088e-04
4.510880e-04
4.036427e-04
4.332066e-04
4.296303e-04
4.191399e-04
3.993511e-04
4.084110e-04
4.189014e-04
4.498959e-04
4.107952e-04
4.131794e-04
4.329681e-04
4.556179e-04
3.907681e-04
4.267693e-04
4.391670e-04
4.181862e-04
3.938675e-04
4.482269e-04
4.339218e-04
4.322529e-04
4.506111e-04
4.386902e-04
4.205704e-04
4.146099e-04
4.782677e-04
4.191399e-04
4.351139e-04
3.678799e-04
4.332066e-04
4.615784e-04
4.322529e-04
4.239082e-04
4.756451e-04
4.255772e-04
4.076958e-04
4.107952e-04
4.346371e-04
4.508495e-04
4.642010e-04
4.444122e-04
4.110336e-04
4.160404e-04
4.341602e-04
3.979206e-04
4.086494e-04
4.315376e-04
4.417896e-04
4.138947e-04
4.448891e-04
4.599094e-04
3.991127e-04
4.012585e-04
3.745556e-04
4.448891e-04
4.434586e-04
4.189014e-04
4.062653e-04
4.360676e-04
4.277229e-04
4.537106e-04
4.069805e-04
4.630089e-04
4.363060e-04
3.917217e-04
4.193783e-04
4.272461e-04
4.031658e-04
4.475117e-04
3.960133e-04
4.622936e-04
4.422665e-04
3.957748e-04
3.845692e-04
4.239082e-04
3.619194e-04
4.112720e-04
4.103184e-04
5.500317e-04
4.487038e-04
4.451275e-04
4.572868e-04
4.055500e-04
3.738403e-04
4.346371e-04
4.203320e-04
4.084110e-04
4.339218e-04
3.952980e-04
3.969669e-04
4.472733e-04
3.931522e-04
3.707409e-04
4.513264e-04
3.862381e-04
4.200935e-04
3.654957e-04
4.372597e-04
3.948212e-04
4.038811e-04
4.737377e-04
4.472733e-04
4.014969e-04
3.893375e-04
4.069805e-04
3.895760e-04
4.274845e-04
4.060268e-04
4.055500e-04
4.560947e-04
4.043579e-04
4.155636e-04
4.191399e-04
4.565716e-04
4.220009e-04
4.301071e-04
4.301071e-04
4.012585e-04
4.363060e-04
4.091263e-04
4.246235e-04
4.570484e-04
4.665852e-04
4.017353e-04
3.979206e-04
4.184246e-04
4.346371e-04
4.341602e-04
4.167557e-04
4.682541e-04
4.773140e-04
4.038811e-04
4.212856e-04
4.239082e-04
4.305840e-04
3.874302e-04
4.503727e-04
4.012585e-04
3.733635e-04
4.158020e-04
4.117489e-04
4.532337e-04
3.709793e-04
4.217625e-04
4.498959e-04
3.623962e-04
4.284382e-04
4.789829e-04
3.962517e-04
4.301071e-04
4.291534e-04
3.943443e-04
4.165173e-04
3.714561e-04
4.487038e-04
4.239082e-04
4.034042e-04
4.770756e-04
3.821850e-04
3.936291e-04
4.525185e-04
4.010201e-04
4.305840e-04
4.234314e-04
4.198551e-04
4.220009e-04
4.248619e-04
4.601479e-04
4.069805e-04
3.621578e-04
4.260540e-04
4.098415e-04
4.301071e-04
4.527569e-04
4.143715e-04
4.224777e-04
4.463196e-04
4.637241e-04
4.210472e-04
4.160404e-04
4.351139e-04
4.012585e-04
4.196167e-04
4.343987e-04
4.215240e-04
4.236698e-04
4.081726e-04
4.637241e-04
4.432201e-04
4.057884e-04
4.639626e-04
4.007816e-04
4.286766e-04
4.141331e-04
4.265308e-04
4.024506e-04
4.105568e-04
3.983974e-04
3.960133e-04
4.153252e-04
4.320145e-04
4.312992e-04
4.310608e-04
4.193783e-04
4.572868e-04
3.964901e-04
4.181862e-04
4.358292e-04
4.041195e-04
3.926754e-04
4.498959e-04
3.659725e-04
3.964901e-04
4.074574e-04
4.048347e-04
4.000664e-04
4.069805e-04
4.348755e-04
4.062653e-04
4.174709e-04
4.546642e-04
4.177094e-04
4.339218e-04
4.143715e-04
4.591942e-04
4.079342e-04
4.103184e-04
4.112720e-04
4.799366e-04
4.310608e-04
3.724098e-04
4.487038e-04
4.150867e-04
4.522800e-04
3.764629e-04
4.017353e-04
4.284382e-04
4.012585e-04
4.153252e-04
4.284382e-04
4.458427e-04
4.312992e-04
4.405975e-04
4.305840e-04
3.626347e-04
4.549026e-04
4.334450e-04
4.460812e-04
4.177094e-04
4.696846e-04
4.408360e-04
3.919601e-04
4.503727e-04
4.217625e-04
4.787445e-04
4.422665e-04
3.848076e-04
4.107952e-04
4.389286e-04
3.972054e-04
4.177094e-04
4.575253e-04
4.003048e-04
3.614426e-04
4.312992e-04
4.074574e-04
4.246235e-04
4.398823e-04
4.377365e-04
4.627705e-04
4.658699e-04
4.451275e-04
4.014969e-04
4.012585e-04
4.687309e-04
4.425049e-04
3.910065e-04
4.172325e-04
4.794598e-04
4.031658e-04
3.666878e-04
4.329681e-04
3.931522e-04
3.736019e-04
4.379749e-04
4.079342e-04
4.177094e-04
4.763603e-04
4.110336e-04
4.093647e-04
4.615784e-04
4.093647e-04
3.893375e-04
4.041195e-04
4.124641e-04
4.014969e-04
3.864765e-04
4.413128e-04
4.239082e-04
4.081726e-04
4.310608e-04
4.034042e-04
4.401207e-04
4.184246e-04
4.317760e-04
4.010201e-04
4.668236e-04
4.451275e-04
3.874302e-04
4.179478e-04
4.308224e-04
4.088879e-04
3.919601e-04
4.529953e-04
4.441738e-04
3.974438e-04
4.146099e-04
4.334450e-04
4.079342e-04
4.241467e-04
4.007816e-04
3.986359e-04
4.196167e-04
4.322529e-04
3.988743e-04
4.169941e-04
4.537106e-04
4.050732e-04
4.122257e-04
4.353523e-04
4.189014e-04
4.448891e-04
4.100800e-04
4.181862e-04
4.286766e-04
3.883839e-04
4.761219e-04
4.181862e-04
4.229546e-04
3.869534e-04
4.305840e-04
4.220009e-04
4.191399e-04
4.334450e-04
4.386902e-04
4.298687e-04
4.434586e-04
3.583431e-04
3.883839e-04
4.365444e-04
4.024506e-04
4.072189e-04
4.162788e-04
4.072189e-04
3.991127e-04
3.778934e-04
4.339218e-04
4.158020e-04
4.401207e-04
4.012585e-04
4.255772e-04
3.583431e-04
4.060268e-04
4.279613e-04
3.881454e-04
3.969669e-04
4.570484e-04
4.441738e-04
4.138947e-04
3.867149e-04
4.415512e-04
4.074574e-04
3.995895e-04
4.270077e-04
4.036427e-04
4.017353e-04
4.107952e-04
4.074574e-04
4.255772e-04
4.162788e-04
4.742146e-04
4.065037e-04
4.224777e-04
4.208088e-04
4.105568e-04
4.255772e-04
4.138947e-04
4.212856e-04
4.708767e-04
3.807545e-04
