6.544590e-03
6.491423e-03
6.919146e-03
6.207466e-03
5.674601e-03
5.755424e-03
4.805565e-03
4.780531e-03
5.011082e-03
4.540682e-03
5.381823e-03
5.453587e-03
5.509138e-03
5.070686e-03
4.637718e-03
4.647255e-03
4.580736e-03
4.672766e-03
4.573345e-03
4.551172e-03
4.838705e-03
7.587671e-03
4.766226e-03
4.624605e-03
4.588842e-03
4.647017e-03
4.580975e-03
4.558563e-03
4.598379e-03
4.615068e-03
4.580498e-03
4.589796e-03
4.822254e-03
4.826784e-03
4.551411e-03
4.840851e-03
5.641222e-03
4.597425e-03
4.581690e-03
5.666494e-03
4.811764e-03
5.637407e-03
4.552364e-03
4.646301e-03
4.588127e-03
4.832029e-03
4.577398e-03
4.459620e-03
4.806042e-03
4.856586e-03
4.600525e-03
4.875183e-03
4.843950e-03
4.565716e-03
4.613400e-03
4.845381e-03
4.785299e-03
4.546881e-03
4.518509e-03
4.725695e-03
4.826784e-03
4.827023e-03
4.576445e-03
4.874229e-03
4.541874e-03
4.495621e-03
4.831076e-03
5.614758e-03
5.908489e-03
4.854918e-03
4.792929e-03
4.808664e-03
4.625082e-03
4.560709e-03
4.839420e-03
4.834652e-03
4.806995e-03
5.710125e-03
5.003929e-03
4.825115e-03
4.822254e-03
4.843950e-03
4.847050e-03
4.782915e-03
4.870415e-03
4.371643e-03
4.662752e-03
4.634619e-03
4.798889e-03
4.570484e-03
4.566908e-03
4.514456e-03
5.683422e-03
4.524469e-03
4.793644e-03
4.526615e-03
4.527569e-03
4.398584e-03
4.587412e-03
4.824638e-03
4.560232e-03
4.544258e-03
4.782677e-03
4.519463e-03
4.575014e-03
4.754782e-03
4.807949e-03
4.846096e-03
4.510164e-03
4.532099e-03
4.518032e-03
4.775286e-03
4.609823e-03
4.567146e-03
4.795074e-03
4.812717e-03
4.600048e-03
4.796505e-03
4.499435e-03
4.558563e-03
4.594803e-03
4.555941e-03
4.553795e-03
4.631758e-03
5.638599e-03
5.843401e-03
4.861593e-03
4.598856e-03
4.871368e-03
4.586935e-03
4.806280e-03
4.890203e-03
4.551411e-03
4.520893e-03
4.492521e-03
4.779816e-03
4.591465e-03
5.636215e-03
4.574299e-03
4.807234e-03
4.586935e-03
4.556656e-03
4.608154e-03
4.521370e-03
4.569530e-03
4.492760e-03
4.492521e-03
4.502535e-03
4.510641e-03
4.507303e-03
4.485130e-03
4.520655e-03
4.533529e-03
4.453659e-03
4.533529e-03
4.484177e-03
4.487276e-03
4.502296e-03
4.517555e-03
4.508018e-03
4.853964e-03
4.590750e-03
4.646063e-03
4.554033e-03
5.414963e-03
5.298138e-03
4.580259e-03
4.560709e-03
4.601717e-03
4.593134e-03
4.552364e-03
4.588842e-03
4.597664e-03
4.562140e-03
4.795313e-03
4.398823e-03
4.410744e-03
4.560947e-03
4.395962e-03
4.548550e-03
4.557371e-03
4.548311e-03
4.884005e-03
4.817009e-03
4.618406e-03
4.560232e-03
4.600763e-03
4.584551e-03
4.543543e-03
4.851818e-03
4.576206e-03
4.560232e-03
4.815578e-03
4.524946e-03
4.578352e-03
4.604816e-03
4.617214e-03
4.541397e-03
4.565954e-03
4.484653e-03
4.789591e-03
4.851818e-03
4.598618e-03
4.588842e-03
4.612923e-03
4.529476e-03
4.560947e-03
4.532337e-03
4.579782e-03
4.529476e-03
4.585981e-03
4.529238e-03
4.740477e-03
4.591227e-03
4.532814e-03
4.534960e-03
4.405499e-03
4.581690e-03
4.465818e-03
4.582882e-03
4.351854e-03
6.033659e-03
4.524946e-03
4.524708e-03
4.599333e-03
4.517794e-03
4.874229e-03
4.814863e-03
4.865170e-03
4.598141e-03
4.847527e-03
4.817963e-03
4.634857e-03
4.670620e-03
4.652739e-03
4.602671e-03
4.651308e-03
4.626274e-03
4.585266e-03
5.672932e-03
4.882097e-03
4.488468e-03
4.461288e-03
4.563808e-03
4.528999e-03
5.634308e-03
4.811049e-03
4.586458e-03
4.586220e-03
4.838705e-03
4.621744e-03
4.495144e-03
5.637884e-03
4.812479e-03
4.851103e-03
4.857063e-03
4.844189e-03
4.884720e-03
4.732847e-03
4.589081e-03
4.831791e-03
4.538298e-03
4.590273e-03
4.488707e-03
4.549742e-03
4.795074e-03
4.569769e-03
4.622221e-03
4.631281e-03
4.624844e-03
4.571915e-03
4.573107e-03
4.587412e-03
4.605293e-03
4.576445e-03
4.549265e-03
4.539251e-03
4.582882e-03
4.814625e-03
4.586220e-03
4.598856e-03
4.599094e-03
4.529238e-03
4.813671e-03
4.534006e-03
4.748106e-03
4.575968e-03
4.564047e-03
4.565001e-03
4.373789e-03
4.790068e-03
4.536152e-03
4.573822e-03
4.542112e-03
4.498243e-03
4.509449e-03
4.485607e-03
4.501581e-03
4.496813e-03
4.487276e-03
4.531145e-03
4.526854e-03
4.574060e-03
4.568338e-03
5.656242e-03
4.595518e-03
4.562616e-03
4.539251e-03
4.396200e-03
4.597187e-03
4.522800e-03
4.586935e-03
4.539251e-03
4.621506e-03
4.493713e-03
4.533529e-03
4.549265e-03
4.566431e-03
4.303455e-03
4.524708e-03
4.499674e-03
4.515171e-03
4.537106e-03
4.550219e-03
4.478931e-03
4.818201e-03
4.572153e-03
4.535198e-03
4.558802e-03
5.628586e-03
4.553080e-03
4.808664e-03
4.544973e-03
5.581617e-03
4.859686e-03
4.586935e-03
4.563808e-03
4.562855e-03
4.861593e-03
4.553318e-03
4.792690e-03
4.495859e-03
4.802465e-03
4.605293e-03
4.586935e-03
5.943537e-03
4.578590e-03
4.783154e-03
4.569530e-03
4.566193e-03
4.881382e-03
4.587650e-03
4.526854e-03
4.393578e-03
4.772663e-03
4.843473e-03
4.579067e-03
4.731178e-03
4.830837e-03
4.576206e-03
4.500628e-03
4.580975e-03
4.638910e-03
4.543304e-03
4.597664e-03
4.578114e-03
4.559994e-03
4.575491e-03
4.571199e-03
4.582405e-03
4.830837e-03
4.567623e-03
4.512072e-03
4.570723e-03
4.561186e-03
4.538774e-03
4.511356e-03
4.574537e-03
4.621744e-03
4.556894e-03
4.571676e-03
4.782677e-03
4.547358e-03
4.583359e-03
4.536152e-03
4.515171e-03
4.506111e-03
4.472017e-03
4.520655e-03
4.551888e-03
4.584789e-03
4.522800e-03
4.549742e-03
4.570961e-03
4.590750e-03
4.594326e-03
4.475594e-03
4.552841e-03
4.554987e-03
4.551411e-03
4.870892e-03
4.828930e-03
4.837990e-03
4.614353e-03
4.877090e-03
4.508734e-03
5.678654e-03
4.968643e-03
4.560947e-03
4.622936e-03
4.473686e-03
4.502773e-03
4.572630e-03
4.622698e-03
4.562140e-03
4.574776e-03
4.592180e-03
4.494667e-03
4.577637e-03
4.826069e-03
4.385948e-03
5.607128e-03
4.637480e-03
4.548311e-03
4.627705e-03
4.607439e-03
4.630566e-03
4.873514e-03
4.575729e-03
4.552841e-03
4.856586e-03
4.518986e-03
4.510880e-03
4.551411e-03
4.628420e-03
4.529476e-03
4.572153e-03
4.514456e-03
4.576683e-03
4.481554e-03
4.489183e-03
4.583120e-03
4.536867e-03
4.541874e-03
4.661560e-03
4.600286e-03
4.610777e-03
4.547596e-03
4.558802e-03
4.433155e-03
4.580736e-03
4.514694e-03
4.596949e-03
4.530191e-03
4.601240e-03
4.595280e-03
6.413937e-03
4.577160e-03
4.546404e-03
5.303383e-03
4.518509e-03
4.594088e-03
4.592419e-03
4.526377e-03
4.531384e-03
4.664898e-03
4.601479e-03
4.614353e-03
4.641533e-03
4.537344e-03
4.549503e-03
4.759073e-03
4.631996e-03
4.548550e-03
4.566193e-03
4.587412e-03
4.510403e-03
4.548550e-03
4.595995e-03
4.592180e-03
4.560709e-03
4.562140e-03
4.567146e-03
4.544735e-03
4.591227e-03
4.541636e-03
4.551172e-03
4.540682e-03
4.596949e-03
4.486561e-03
4.461050e-03
4.501343e-03
4.522562e-03
4.522324e-03
4.462481e-03
4.495382e-03
4.466772e-03
4.559517e-03
4.528761e-03
5.668402e-03
4.619360e-03
4.581690e-03
4.667044e-03
4.519463e-03
4.783392e-03
4.854202e-03
4.559994e-03
4.822016e-03
4.804611e-03
4.779816e-03
4.603386e-03
4.608154e-03
4.582882e-03
4.509449e-03
4.500389e-03
4.525423e-03
4.527569e-03
4.589319e-03
4.560709e-03
4.512787e-03
4.800558e-03
4.597902e-03
4.683733e-03
4.582882e-03
4.592896e-03
4.607439e-03
4.781008e-03
4.535913e-03
4.545927e-03
4.595757e-03
4.623652e-03
4.508018e-03
4.518747e-03
4.486561e-03
4.439116e-03
4.507065e-03
4.544497e-03
4.534483e-03
4.546165e-03
4.562855e-03
4.793167e-03
4.530668e-03
4.569054e-03
4.553556e-03
4.581213e-03
6.058455e-03
4.810095e-03
4.608154e-03
4.856348e-03
4.580975e-03
4.553318e-03
4.576206e-03
4.773140e-03
4.571438e-03
4.589796e-03
4.853249e-03
4.543781e-03
4.556179e-03
4.589796e-03
4.580736e-03
4.621983e-03
6.124735e-03
4.496336e-03
4.525423e-03
4.546881e-03
4.538536e-03
4.485846e-03
4.479170e-03
4.584551e-03
4.755020e-03
4.771709e-03
4.573584e-03
4.566431e-03
4.821062e-03
4.538059e-03
4.805088e-03
4.836321e-03
5.497694e-03
4.751444e-03
4.930496e-03
4.568338e-03
4.461765e-03
4.523039e-03
4.593372e-03
4.499197e-03
4.487038e-03
4.532099e-03
4.521132e-03
4.495859e-03
4.551411e-03
4.493237e-03
4.554510e-03
4.551649e-03
4.535913e-03
4.534245e-03
4.907370e-03
4.558086e-03
4.520178e-03
5.679369e-03
4.988909e-03
4.497051e-03
4.553318e-03
4.518986e-03
4.587412e-03
4.541397e-03
4.722357e-03
4.578590e-03
4.869699e-03
4.844427e-03
4.829884e-03
4.845619e-03
4.825354e-03
4.586220e-03
4.850149e-03
4.596472e-03
4.536390e-03
4.555702e-03
4.577875e-03
4.843712e-03
4.827499e-03
4.591465e-03
4.551649e-03
4.528046e-03
4.519701e-03
4.846811e-03
4.846334e-03
4.584789e-03
4.823923e-03
4.838943e-03
4.832745e-03
4.850864e-03
4.481792e-03
4.752159e-03
4.849434e-03
4.834652e-03
4.500151e-03
4.519463e-03
4.820108e-03
4.822969e-03
4.507542e-03
4.821777e-03
4.769325e-03
4.878521e-03
5.502701e-03
4.671097e-03
4.872322e-03
4.576921e-03
5.635738e-03
4.640341e-03
4.595518e-03
4.837751e-03
4.561663e-03
4.602194e-03
4.492521e-03
4.606485e-03
4.572153e-03
4.766226e-03
4.508495e-03
4.545689e-03
4.785776e-03
4.524946e-03
4.572630e-03
4.503489e-03
4.619598e-03
4.582167e-03
4.575253e-03
4.578590e-03
4.583597e-03
4.540205e-03
4.599810e-03
4.550457e-03
4.587412e-03
4.557848e-03
4.576921e-03
4.485130e-03
4.545689e-03
4.620790e-03
4.585505e-03
4.505873e-03
4.535913e-03
4.571199e-03
4.536629e-03
4.531622e-03
4.566193e-03
4.522085e-03
4.568100e-03
4.520655e-03
4.576683e-03
4.578352e-03
4.583120e-03
4.482746e-03
4.570961e-03
4.560232e-03
4.531145e-03
4.535437e-03
4.502535e-03
4.559278e-03
4.510164e-03
4.522562e-03
4.591703e-03
4.785538e-03
4.800558e-03
4.609346e-03
4.589081e-03
4.384995e-03
4.841089e-03
4.829645e-03
4.523754e-03
4.554272e-03
5.921841e-03
4.529715e-03
4.547834e-03
4.560471e-03
4.577637e-03
4.547596e-03
4.531384e-03
4.537344e-03
4.570246e-03
4.563808e-03
4.622936e-03
4.535437e-03
4.571438e-03
4.844189e-03
4.811525e-03
4.543304e-03
4.552603e-03
4.578114e-03
4.822969e-03
4.588604e-03
4.877806e-03
4.538059e-03
4.558563e-03
4.607677e-03
4.853010e-03
4.802942e-03
4.577398e-03
4.544020e-03
4.817486e-03
4.594326e-03
4.540920e-03
4.546642e-03
4.575491e-03
4.530430e-03
4.481554e-03
4.531384e-03
4.535198e-03
4.537106e-03
4.840374e-03
4.566669e-03
4.546881e-03
4.556179e-03
4.813910e-03
4.711390e-03
4.833221e-03
4.827738e-03
4.804373e-03
4.498482e-03
4.794359e-03
4.769087e-03
5.624771e-03
4.677296e-03
4.862785e-03
4.569769e-03
4.779577e-03
4.824877e-03
4.821539e-03
4.591942e-03
4.609108e-03
4.841566e-03
4.491806e-03
4.756212e-03
4.615068e-03
4.826307e-03
4.865408e-03
4.577160e-03
4.603386e-03
4.839420e-03
4.846334e-03
4.593372e-03
4.786015e-03
4.780769e-03
4.841805e-03
4.571438e-03
4.781008e-03
4.811525e-03
4.829884e-03
5.615711e-03
5.774498e-03
4.957199e-03
5.586863e-03
4.765034e-03
5.624056e-03
4.667044e-03
4.614353e-03
4.667044e-03
4.828215e-03
4.578590e-03
4.572153e-03
5.608559e-03
4.676342e-03
4.543543e-03
4.878283e-03
4.563808e-03
4.575253e-03
4.780531e-03
4.565954e-03
4.591465e-03
4.555225e-03
4.500628e-03
4.526377e-03
4.488707e-03
4.292250e-03
4.544497e-03
4.538774e-03
4.543543e-03
4.319668e-03
4.383802e-03
4.797935e-03
4.592657e-03
4.530430e-03
4.557610e-03
4.553556e-03
4.577637e-03
4.492760e-03
4.481316e-03
4.530907e-03
4.497290e-03
4.775286e-03
5.627632e-03
5.688906e-03
4.692078e-03
4.532099e-03
4.876137e-03
4.596233e-03
4.854441e-03
4.481554e-03
4.518986e-03
4.527569e-03
4.497051e-03
4.568815e-03
4.762173e-03
4.553318e-03
4.640818e-03
4.577160e-03
4.538536e-03
4.501104e-03
4.484653e-03
4.462957e-03
4.477739e-03
4.845858e-03
5.958080e-03
4.556179e-03
4.524469e-03
4.633427e-03
4.558563e-03
4.576683e-03
4.574537e-03
4.571915e-03
4.589319e-03
5.688667e-03
5.586386e-03
5.830288e-03
5.711079e-03
4.713058e-03
4.600286e-03
4.596949e-03
4.796982e-03
4.641771e-03
4.635096e-03
4.569292e-03
5.584717e-03
5.738735e-03
4.911184e-03
4.530668e-03
4.553795e-03
4.588842e-03
4.794598e-03
4.734755e-03
4.836082e-03
5.615711e-03
4.706860e-03
4.817486e-03
4.567623e-03
4.819393e-03
5.551577e-03
4.745245e-03
4.563093e-03
5.642653e-03
5.708694e-03
4.673719e-03
4.590988e-03
4.558802e-03
4.812717e-03
4.554272e-03
4.829645e-03
4.514456e-03
4.614353e-03
4.625559e-03
4.866123e-03
4.584074e-03
4.614830e-03
4.818439e-03
4.768372e-03
4.604578e-03
4.543066e-03
4.594326e-03
4.663467e-03
4.591227e-03
4.590511e-03
4.769802e-03
4.748344e-03
4.806280e-03
4.492044e-03
4.826069e-03
4.747868e-03
4.566193e-03
5.675793e-03
5.738497e-03
4.976511e-03
4.935980e-03
4.783392e-03
4.695415e-03
4.842281e-03
4.570246e-03
4.627705e-03
4.615068e-03
4.822254e-03
4.568815e-03
4.841328e-03
4.840612e-03
5.644798e-03
4.954576e-03
4.592419e-03
4.834652e-03
4.558325e-03
5.600452e-03
4.657984e-03
4.528761e-03
5.637407e-03
5.630255e-03
4.565477e-03
5.646229e-03
4.702330e-03
4.491806e-03
4.782438e-03
4.807472e-03
4.605293e-03
4.809618e-03
4.806280e-03
4.567146e-03
4.577398e-03
4.535198e-03
4.862070e-03
4.796267e-03
4.579544e-03
4.796505e-03
5.600691e-03
5.733013e-03
4.598141e-03
4.588127e-03
5.638838e-03
4.721165e-03
4.878044e-03
4.568815e-03
5.448103e-03
5.846024e-03
5.728006e-03
4.519701e-03
4.888773e-03
4.835606e-03
4.520893e-03
4.587412e-03
4.601717e-03
4.763603e-03
4.549742e-03
4.602671e-03
4.583597e-03
4.739761e-03
4.771471e-03
4.557133e-03
4.570723e-03
4.543304e-03
4.555702e-03
4.567862e-03
4.560947e-03
4.548788e-03
4.616976e-03
4.577637e-03
4.562616e-03
4.514933e-03
4.802227e-03
4.540682e-03
4.566431e-03
4.580259e-03
4.576445e-03
4.571676e-03
4.473209e-03
4.542589e-03
4.857779e-03
6.742716e-03
