1.201167e-01
1.173482e-01
1.186116e-01
1.182337e-01
1.185462e-01
1.173332e-01
1.170266e-01
1.183772e-01
1.176436e-01
1.195459e-01
1.175430e-01
1.190405e-01
1.186314e-01
1.181138e-01
1.184499e-01
1.196358e-01
1.193705e-01
1.183276e-01
1.182971e-01
1.172547e-01
1.184914e-01
1.191893e-01
1.182663e-01
1.175237e-01
1.192708e-01
1.184051e-01
1.181016e-01
1.184151e-01
1.183727e-01
1.175714e-01
1.181815e-01
1.174192e-01
1.183641e-01
1.185188e-01
1.183619e-01
1.168263e-01
1.185274e-01
1.166391e-01
1.175072e-01
1.193779e-01
1.184547e-01
1.189337e-01
1.184461e-01
1.193116e-01
1.178873e-01
1.182406e-01
1.184883e-01
1.174378e-01
1.181509e-01
1.180394e-01
1.183031e-01
1.184690e-01
1.185100e-01
1.177592e-01
1.173997e-01
1.195526e-01
1.185277e-01
1.175416e-01
1.194847e-01
1.188002e-01
1.195188e-01
1.179602e-01
1.194770e-01
1.180732e-01
1.183639e-01
1.193430e-01
1.177173e-01
1.186018e-01
1.182082e-01
1.182792e-01
1.183398e-01
1.181958e-01
1.193140e-01
1.197090e-01
1.175411e-01
1.175532e-01
1.191139e-01
1.194067e-01
1.190984e-01
1.183076e-01
1.185880e-01
1.184297e-01
1.181989e-01
1.175601e-01
1.194558e-01
1.185081e-01
1.176221e-01
1.186676e-01
1.184306e-01
1.175044e-01
1.185429e-01
1.174746e-01
1.185026e-01
1.173444e-01
1.195564e-01
1.183712e-01
1.183257e-01
1.183906e-01
1.192424e-01
1.195405e-01
1.194317e-01
1.194129e-01
1.185834e-01
1.182392e-01
1.194742e-01
1.178377e-01
1.183894e-01
1.193087e-01
1.174850e-01
1.186624e-01
1.194522e-01
1.175473e-01
1.183963e-01
1.176693e-01
1.176102e-01
1.194787e-01
1.183000e-01
1.196918e-01
1.184676e-01
1.177833e-01
1.177733e-01
1.183872e-01
1.183851e-01
1.191533e-01
1.185937e-01
1.196566e-01
1.187365e-01
1.178889e-01
1.188154e-01
1.177068e-01
1.178222e-01
1.177709e-01
1.196513e-01
1.184785e-01
1.195712e-01
1.196144e-01
1.194763e-01
1.196966e-01
1.183863e-01
1.186318e-01
1.187081e-01
1.171625e-01
1.191154e-01
1.172662e-01
1.186347e-01
1.186037e-01
1.187413e-01
1.186135e-01
1.187644e-01
1.191881e-01
1.173825e-01
1.177449e-01
1.184857e-01
1.194842e-01
1.197381e-01
1.185541e-01
1.171515e-01
1.184955e-01
1.182647e-01
1.187365e-01
1.177125e-01
1.186903e-01
1.196167e-01
1.177104e-01
1.177599e-01
1.197114e-01
1.176906e-01
1.187375e-01
1.180160e-01
1.185701e-01
1.194308e-01
1.185348e-01
1.197267e-01
1.183074e-01
1.194463e-01
1.179020e-01
1.198206e-01
1.187017e-01
1.198561e-01
1.175101e-01
1.182866e-01
1.177547e-01
1.184201e-01
1.173790e-01
1.170697e-01
1.185570e-01
1.187341e-01
1.185942e-01
1.186705e-01
1.188738e-01
1.185327e-01
1.186073e-01
1.185062e-01
1.182437e-01
1.185563e-01
1.176267e-01
1.195819e-01
1.176031e-01
1.196210e-01
1.186423e-01
1.186724e-01
1.196234e-01
1.187930e-01
1.177413e-01
1.174314e-01
1.196795e-01
1.195717e-01
1.197362e-01
1.176772e-01
1.177630e-01
1.186192e-01
1.182420e-01
1.198044e-01
1.182704e-01
1.194177e-01
1.195636e-01
1.193333e-01
1.196010e-01
1.183531e-01
1.186824e-01
1.183558e-01
1.186397e-01
1.195066e-01
1.195745e-01
1.195092e-01
1.185799e-01
1.185565e-01
1.187861e-01
1.177838e-01
1.176777e-01
1.187150e-01
1.197178e-01
1.194351e-01
1.184037e-01
1.174977e-01
1.177640e-01
1.187465e-01
1.183717e-01
1.190076e-01
1.200790e-01
1.189871e-01
1.187587e-01
1.199815e-01
1.200867e-01
1.196346e-01
1.189909e-01
1.186798e-01
1.188729e-01
1.196830e-01
1.189570e-01
1.176634e-01
1.200047e-01
1.187549e-01
1.189907e-01
1.185963e-01
1.198068e-01
1.194460e-01
1.190548e-01
1.189210e-01
1.189950e-01
1.197300e-01
1.187325e-01
1.188805e-01
1.178911e-01
1.190779e-01
1.189539e-01
1.185205e-01
1.188743e-01
1.185780e-01
1.200621e-01
1.200452e-01
1.177852e-01
1.193681e-01
1.201069e-01
1.190345e-01
1.200688e-01
1.200573e-01
1.198556e-01
1.177628e-01
1.200209e-01
1.194937e-01
1.180370e-01
1.188762e-01
1.200030e-01
1.187761e-01
1.188762e-01
1.189036e-01
1.186008e-01
1.188028e-01
1.186514e-01
1.200142e-01
1.187274e-01
1.188328e-01
1.183951e-01
1.188860e-01
1.190083e-01
1.190684e-01
1.191947e-01
1.189835e-01
1.197143e-01
1.200783e-01
1.199253e-01
1.178899e-01
1.198773e-01
1.198602e-01
1.188087e-01
1.187060e-01
1.176271e-01
1.187289e-01
1.190555e-01
1.187525e-01
1.200540e-01
1.199207e-01
1.188490e-01
1.177416e-01
1.188171e-01
1.179545e-01
1.179330e-01
1.190395e-01
1.188414e-01
1.199632e-01
1.190164e-01
1.200082e-01
1.179738e-01
1.189940e-01
1.197977e-01
1.177912e-01
1.197665e-01
1.188080e-01
1.188519e-01
1.188078e-01
1.175416e-01
1.187236e-01
1.199694e-01
1.189215e-01
1.177406e-01
1.175857e-01
1.179750e-01
1.185699e-01
1.190534e-01
1.195025e-01
1.187036e-01
1.179419e-01
1.199617e-01
1.176367e-01
1.179836e-01
1.187756e-01
1.174161e-01
1.188560e-01
1.188679e-01
1.188476e-01
1.186085e-01
1.188233e-01
1.185029e-01
1.179147e-01
1.190298e-01
1.188583e-01
1.189008e-01
1.188273e-01
1.179531e-01
1.198845e-01
1.178198e-01
1.178446e-01
1.184719e-01
1.178768e-01
1.189401e-01
1.188467e-01
1.190183e-01
1.186910e-01
1.186218e-01
1.197224e-01
1.187820e-01
1.186078e-01
1.192486e-01
1.194637e-01
1.187937e-01
1.187549e-01
1.199114e-01
1.176691e-01
1.198621e-01
1.180501e-01
1.179509e-01
1.190135e-01
1.178269e-01
1.185670e-01
1.179888e-01
1.180291e-01
1.187620e-01
1.188939e-01
1.179631e-01
1.188443e-01
1.190128e-01
1.176419e-01
1.188328e-01
1.188159e-01
1.198306e-01
1.179333e-01
1.177809e-01
1.190457e-01
1.198666e-01
1.179705e-01
1.198454e-01
1.186378e-01
1.188812e-01
1.188281e-01
1.178765e-01
1.197231e-01
1.189990e-01
1.177182e-01
1.184170e-01
1.187260e-01
1.189258e-01
1.196911e-01
1.200023e-01
1.179016e-01
1.179228e-01
1.189642e-01
1.185579e-01
1.185951e-01
1.187277e-01
1.179454e-01
1.188304e-01
1.177306e-01
1.173329e-01
1.185405e-01
1.188371e-01
1.197779e-01
1.187680e-01
1.189029e-01
1.178920e-01
1.174247e-01
1.198726e-01
1.187677e-01
1.186275e-01
1.197870e-01
1.191583e-01
1.176143e-01
1.184421e-01
1.177421e-01
1.187189e-01
1.189008e-01
1.177325e-01
1.171727e-01
1.184220e-01
1.184740e-01
1.194656e-01
1.174712e-01
1.193609e-01
1.175051e-01
1.193867e-01
1.174424e-01
1.194117e-01
1.175482e-01
1.184683e-01
1.191142e-01
1.184950e-01
1.172709e-01
1.192298e-01
1.202412e-01
1.184890e-01
1.181295e-01
1.194510e-01
1.196358e-01
1.192689e-01
1.177926e-01
1.189537e-01
1.194472e-01
1.193771e-01
1.183882e-01
1.170554e-01
1.176662e-01
1.184196e-01
1.183925e-01
1.194389e-01
1.177287e-01
1.195264e-01
1.184621e-01
1.184456e-01
1.171169e-01
1.183548e-01
1.173968e-01
1.190710e-01
1.191008e-01
1.193144e-01
1.181655e-01
1.175644e-01
1.185293e-01
1.177418e-01
1.180942e-01
1.190405e-01
1.182759e-01
1.185260e-01
1.181574e-01
1.185100e-01
1.177161e-01
1.175256e-01
1.183791e-01
1.192286e-01
1.192579e-01
1.183970e-01
1.183808e-01
1.183741e-01
1.177573e-01
1.184847e-01
1.193964e-01
1.182523e-01
1.177056e-01
1.193097e-01
1.183879e-01
1.176543e-01
1.175210e-01
1.188691e-01
1.183264e-01
1.179712e-01
1.195891e-01
1.181552e-01
1.168816e-01
1.177366e-01
1.195192e-01
1.181669e-01
1.176186e-01
1.183071e-01
1.185300e-01
1.180720e-01
1.184237e-01
1.194434e-01
1.194491e-01
1.191890e-01
1.196866e-01
1.171863e-01
1.195588e-01
1.183858e-01
1.183124e-01
1.194866e-01
1.175029e-01
1.194086e-01
1.183386e-01
1.184511e-01
1.182520e-01
1.174781e-01
1.176398e-01
1.184416e-01
1.182203e-01
1.172240e-01
1.185007e-01
1.185272e-01
1.184416e-01
1.191235e-01
1.174874e-01
1.184058e-01
1.176960e-01
1.184063e-01
1.184926e-01
1.194911e-01
1.195111e-01
1.183641e-01
1.184704e-01
1.183152e-01
1.185346e-01
1.175828e-01
1.180043e-01
1.192348e-01
1.174898e-01
1.183677e-01
1.193738e-01
1.186578e-01
1.183960e-01
1.184824e-01
1.173863e-01
1.174815e-01
1.182668e-01
1.185696e-01
1.182220e-01
1.175027e-01
1.193726e-01
1.172085e-01
1.185579e-01
1.181056e-01
1.174610e-01
1.182024e-01
1.173768e-01
1.185191e-01
1.185005e-01
1.181719e-01
1.185927e-01
1.194863e-01
1.184299e-01
1.186128e-01
1.174774e-01
1.192176e-01
1.172385e-01
1.173222e-01
1.175690e-01
1.185544e-01
1.176686e-01
1.172926e-01
1.201801e-01
1.194954e-01
1.175911e-01
1.171656e-01
1.185591e-01
1.173918e-01
1.175632e-01
1.186163e-01
1.175301e-01
1.192205e-01
1.184239e-01
1.174729e-01
1.173477e-01
1.173418e-01
1.181681e-01
1.184440e-01
1.175442e-01
1.192436e-01
1.184523e-01
1.176169e-01
1.175721e-01
1.173210e-01
1.184363e-01
1.182601e-01
1.174853e-01
1.174111e-01
1.184206e-01
1.184127e-01
1.185641e-01
1.185038e-01
1.192911e-01
1.185157e-01
1.174486e-01
1.178119e-01
1.196837e-01
1.185112e-01
1.177883e-01
1.177676e-01
1.193342e-01
1.196940e-01
1.175761e-01
1.188028e-01
1.184330e-01
1.198344e-01
1.186264e-01
1.175611e-01
1.186457e-01
1.177113e-01
1.194453e-01
1.175056e-01
1.185954e-01
1.177225e-01
1.187646e-01
1.196747e-01
1.184163e-01
1.173987e-01
1.175661e-01
1.183336e-01
1.175046e-01
1.192551e-01
1.186123e-01
1.185400e-01
1.186829e-01
1.185839e-01
1.186156e-01
1.182642e-01
1.185777e-01
1.186371e-01
1.182809e-01
1.195543e-01
1.196203e-01
1.187320e-01
1.188164e-01
1.176083e-01
1.187537e-01
1.185939e-01
1.184542e-01
1.176212e-01
1.180439e-01
1.187239e-01
1.187325e-01
1.185381e-01
1.180911e-01
1.188457e-01
1.194067e-01
1.177077e-01
1.195917e-01
1.185124e-01
1.185555e-01
1.186628e-01
1.190190e-01
1.176884e-01
1.183386e-01
1.187177e-01
1.188047e-01
1.173291e-01
1.186225e-01
1.176946e-01
1.186125e-01
1.184900e-01
1.185918e-01
1.187217e-01
1.184950e-01
1.177664e-01
1.177206e-01
1.182370e-01
1.187203e-01
1.184242e-01
1.183681e-01
1.177137e-01
1.194956e-01
1.187258e-01
1.180987e-01
1.198416e-01
1.176817e-01
1.175399e-01
1.197069e-01
1.195755e-01
1.196151e-01
1.185610e-01
1.185305e-01
1.178668e-01
1.188471e-01
1.174748e-01
1.195550e-01
1.176188e-01
1.176746e-01
1.192906e-01
1.184666e-01
1.185088e-01
1.176627e-01
1.181920e-01
1.195517e-01
1.187022e-01
1.185627e-01
1.195679e-01
1.186252e-01
1.197011e-01
1.176522e-01
1.187537e-01
1.187208e-01
1.196887e-01
1.177690e-01
1.187494e-01
1.185045e-01
1.174242e-01
1.184530e-01
1.194513e-01
1.188896e-01
1.186264e-01
1.183546e-01
1.195250e-01
1.186008e-01
1.173956e-01
1.169360e-01
1.177902e-01
1.178424e-01
1.186359e-01
1.180043e-01
1.199958e-01
1.185963e-01
1.199954e-01
1.178720e-01
1.185565e-01
1.187959e-01
1.190419e-01
1.188943e-01
1.199303e-01
1.199665e-01
1.201730e-01
1.178474e-01
1.189966e-01
1.189282e-01
1.182244e-01
1.190712e-01
1.191206e-01
1.201477e-01
1.197815e-01
1.187510e-01
1.184893e-01
1.190302e-01
1.197324e-01
1.186702e-01
1.190464e-01
1.178522e-01
1.200001e-01
1.197331e-01
1.179321e-01
1.188910e-01
1.174455e-01
1.189969e-01
1.189697e-01
1.198785e-01
1.187694e-01
1.187284e-01
1.190364e-01
1.175323e-01
1.189084e-01
1.188440e-01
1.189470e-01
1.185594e-01
1.198959e-01
1.194096e-01
1.198366e-01
1.188970e-01
1.189690e-01
1.185439e-01
1.189606e-01
1.179466e-01
1.187296e-01
1.189022e-01
1.181779e-01
1.187789e-01
1.189902e-01
1.298304e-01
1.196756e-01
1.188123e-01
1.176908e-01
1.187408e-01
1.179364e-01
1.198659e-01
1.179955e-01
1.230657e-01
1.188452e-01
1.200693e-01
1.177568e-01
1.178074e-01
1.185801e-01
1.189439e-01
1.183131e-01
1.177831e-01
1.176178e-01
1.178327e-01
1.179664e-01
1.190195e-01
1.187737e-01
1.198912e-01
1.179473e-01
1.288831e-01
1.196918e-01
1.196392e-01
1.199069e-01
1.189966e-01
1.178782e-01
1.187258e-01
1.188447e-01
1.191077e-01
1.186619e-01
1.177361e-01
1.198092e-01
1.184669e-01
1.188729e-01
1.181076e-01
1.184733e-01
1.199584e-01
1.186447e-01
1.172578e-01
1.194911e-01
1.262829e-01
1.185584e-01
1.190047e-01
1.199534e-01
1.188757e-01
1.189656e-01
1.186194e-01
1.188514e-01
1.199572e-01
1.308277e-01
1.189756e-01
1.196594e-01
1.179168e-01
1.177702e-01
1.189575e-01
1.198192e-01
1.179452e-01
1.198010e-01
1.186178e-01
1.202857e-01
1.187987e-01
1.193283e-01
1.194558e-01
1.184287e-01
1.199000e-01
1.267006e-01
1.178527e-01
1.189897e-01
1.194179e-01
1.179469e-01
1.178598e-01
1.190233e-01
1.190164e-01
1.176004e-01
1.298242e-01
1.184559e-01
1.189530e-01
1.177659e-01
1.185715e-01
1.186976e-01
1.179659e-01
1.198127e-01
1.189454e-01
1.198952e-01
1.212263e-01
1.188626e-01
1.183634e-01
1.187642e-01
1.195707e-01
1.187263e-01
1.198401e-01
1.188514e-01
1.197782e-01
1.209068e-01
1.188574e-01
1.189134e-01
1.188369e-01
1.190062e-01
1.187093e-01
1.200068e-01
1.188123e-01
1.190209e-01
1.189749e-01
1.178796e-01
1.195652e-01
1.200271e-01
1.183732e-01
1.193655e-01
1.187420e-01
1.188290e-01
1.179063e-01
1.181998e-01
1.178603e-01
1.198187e-01
1.187570e-01
1.188040e-01
1.187797e-01
1.194041e-01
1.199162e-01
1.188531e-01
1.189554e-01
1.184552e-01
1.189606e-01
1.189022e-01
1.190023e-01
1.177039e-01
1.179316e-01
1.178925e-01
1.178708e-01
1.199532e-01
1.197736e-01
1.186326e-01
1.184127e-01
1.197901e-01
1.176810e-01
1.188436e-01
1.187515e-01
1.187081e-01
1.189313e-01
1.185799e-01
1.194372e-01
1.172423e-01
1.195641e-01
1.174765e-01
1.176035e-01
1.186664e-01
1.192648e-01
1.192100e-01
1.177628e-01
1.184206e-01
1.176870e-01
1.177299e-01
1.190536e-01
1.179342e-01
1.181741e-01
1.181071e-01
1.183958e-01
1.186967e-01
1.185188e-01
1.186774e-01
1.180985e-01
1.184914e-01
1.184771e-01
1.184528e-01
1.182132e-01
1.195471e-01
1.180420e-01
1.172419e-01
1.173282e-01
1.171992e-01
1.181874e-01
1.172271e-01
1.195424e-01
1.194205e-01
1.179686e-01
1.188197e-01
1.183908e-01
1.175084e-01
1.255760e-01
1.182117e-01
1.181724e-01
1.182187e-01
1.184945e-01
1.181061e-01
1.193569e-01
1.214936e-01
