6.221223e-02
6.116676e-02
6.289864e-02
6.185293e-02
6.285691e-02
6.261659e-02
6.270623e-02
6.222630e-02
6.306553e-02
6.210804e-02
6.278276e-02
6.079984e-02
6.290507e-02
6.264949e-02
6.260562e-02
6.258106e-02
6.178164e-02
6.258035e-02
6.263566e-02
6.277156e-02
6.174374e-02
6.268263e-02
6.267881e-02
6.262708e-02
6.245899e-02
6.161380e-02
6.172132e-02
6.279349e-02
6.265473e-02
6.183267e-02
6.183052e-02
6.236315e-02
6.170225e-02
6.234360e-02
6.269264e-02
6.280589e-02
6.255364e-02
6.288815e-02
6.260252e-02
6.155515e-02
6.253457e-02
6.271696e-02
6.187797e-02
6.264639e-02
6.169295e-02
6.166911e-02
6.257987e-02
6.283736e-02
6.170177e-02
6.176591e-02
6.273127e-02
6.272650e-02
6.250143e-02
6.283355e-02
6.269193e-02
6.269240e-02
6.255937e-02
6.242323e-02
6.236815e-02
6.263852e-02
6.162095e-02
6.203675e-02
6.265759e-02
6.280136e-02
6.288719e-02
6.284356e-02
6.191707e-02
6.266642e-02
6.262803e-02
6.170368e-02
6.179190e-02
6.252933e-02
6.291771e-02
6.265473e-02
6.179881e-02
6.145477e-02
6.256723e-02
6.274223e-02
6.238747e-02
6.273556e-02
6.164479e-02
6.265044e-02
6.161451e-02
6.118488e-02
6.245399e-02
6.277871e-02
6.277227e-02
6.257772e-02
6.257868e-02
6.259823e-02
6.238365e-02
6.246567e-02
6.183529e-02
6.266451e-02
6.142497e-02
6.150866e-02
6.239057e-02
6.260085e-02
6.275749e-02
6.268167e-02
6.284332e-02
6.284499e-02
6.268787e-02
6.272483e-02
6.290221e-02
6.275010e-02
6.208873e-02
6.170034e-02
6.311679e-02
6.287313e-02
6.169367e-02
6.358433e-02
6.253648e-02
6.244874e-02
6.254435e-02
6.221938e-02
6.282330e-02
6.184149e-02
6.287146e-02
6.149507e-02
6.270838e-02
6.260467e-02
6.249809e-02
6.161809e-02
6.251192e-02
6.265545e-02
6.263399e-02
6.266379e-02
6.246591e-02
6.152916e-02
6.171513e-02
6.257558e-02
6.257200e-02
6.296873e-02
6.290936e-02
6.231737e-02
6.268883e-02
6.252909e-02
6.178665e-02
6.262112e-02
6.282640e-02
6.200218e-02
6.272864e-02
6.199694e-02
6.289482e-02
6.265688e-02
6.268859e-02
6.171489e-02
6.275010e-02
6.284261e-02
6.140327e-02
6.262589e-02
6.143498e-02
6.253767e-02
6.268620e-02
6.261206e-02
6.254768e-02
6.283617e-02
6.274295e-02
6.132269e-02
6.265616e-02
6.178999e-02
6.282425e-02
6.380892e-02
6.279993e-02
6.237030e-02
6.046438e-02
6.264806e-02
6.197190e-02
6.216025e-02
6.198502e-02
6.267977e-02
6.158781e-02
6.254578e-02
6.258607e-02
6.203032e-02
6.179905e-02
6.257463e-02
6.280684e-02
6.272268e-02
6.167173e-02
6.220627e-02
6.235933e-02
6.299973e-02
6.249905e-02
6.260467e-02
6.243777e-02
6.244063e-02
6.164050e-02
6.160212e-02
6.255317e-02
6.262207e-02
6.236696e-02
6.251931e-02
6.264997e-02
6.288886e-02
6.242895e-02
6.170154e-02
6.272531e-02
6.239009e-02
6.255579e-02
6.241894e-02
6.170940e-02
6.223679e-02
6.270576e-02
6.172419e-02
6.242275e-02
6.265831e-02
6.246400e-02
6.181741e-02
6.254125e-02
6.278729e-02
6.302881e-02
6.232476e-02
6.267142e-02
6.269455e-02
6.076574e-02
6.277847e-02
6.215072e-02
6.293011e-02
6.262541e-02
6.168246e-02
6.281996e-02
6.184006e-02
6.188631e-02
6.075883e-02
6.282377e-02
6.263781e-02
6.224942e-02
6.273150e-02
6.268835e-02
6.153250e-02
6.169820e-02
6.172228e-02
6.259632e-02
6.371164e-02
6.127262e-02
6.137681e-02
6.278491e-02
6.273770e-02
6.169820e-02
6.270933e-02
6.254673e-02
6.270695e-02
6.275845e-02
6.305528e-02
6.279922e-02
6.259179e-02
6.174564e-02
6.175733e-02
6.249714e-02
6.284642e-02
6.223011e-02
6.287360e-02
6.138229e-02
6.250882e-02
6.242990e-02
6.270003e-02
6.284714e-02
6.144834e-02
6.250405e-02
6.246018e-02
6.256580e-02
6.181645e-02
6.173754e-02
6.291771e-02
6.257987e-02
6.251931e-02
6.184602e-02
6.181264e-02
6.270409e-02
6.249475e-02
6.361246e-02
6.236458e-02
6.248999e-02
6.293106e-02
6.160808e-02
6.272101e-02
6.279302e-02
6.270099e-02
6.247663e-02
6.243086e-02
6.275558e-02
6.184387e-02
6.173682e-02
6.166124e-02
6.285858e-02
6.275988e-02
6.134629e-02
6.260729e-02
6.273365e-02
6.152105e-02
6.171393e-02
6.150341e-02
6.238055e-02
6.264997e-02
6.252575e-02
6.168675e-02
6.211472e-02
6.272173e-02
6.253743e-02
6.255102e-02
6.301904e-02
6.125546e-02
6.248736e-02
6.280231e-02
6.258965e-02
6.228471e-02
6.252861e-02
6.248546e-02
6.255460e-02
6.248856e-02
6.259298e-02
6.266141e-02
6.279325e-02
6.301498e-02
6.275606e-02
6.147289e-02
6.271458e-02
6.196237e-02
6.200933e-02
6.278133e-02
6.245875e-02
6.254244e-02
6.272435e-02
6.262040e-02
6.154203e-02
6.278062e-02
6.266999e-02
6.234336e-02
6.254101e-02
6.166553e-02
6.255794e-02
6.261754e-02
6.261039e-02
6.244493e-02
6.141043e-02
6.266928e-02
6.264973e-02
6.285858e-02
6.233740e-02
6.136394e-02
6.276584e-02
6.174159e-02
6.175685e-02
6.247258e-02
6.252050e-02
6.284761e-02
6.262851e-02
6.258988e-02
6.247163e-02
6.262517e-02
6.178188e-02
6.278920e-02
6.276155e-02
6.235242e-02
6.255913e-02
6.243539e-02
6.284809e-02
6.290555e-02
6.280780e-02
6.243777e-02
6.257367e-02
6.199956e-02
6.262326e-02
6.253290e-02
6.175351e-02
6.270885e-02
6.166315e-02
6.280231e-02
6.167507e-02
6.252027e-02
6.284499e-02
6.257296e-02
6.276059e-02
6.300831e-02
6.042910e-02
6.277847e-02
6.267619e-02
6.250548e-02
6.280088e-02
6.164646e-02
6.301355e-02
6.272197e-02
6.272745e-02
6.272411e-02
6.263900e-02
6.195807e-02
6.241655e-02
6.280088e-02
6.249595e-02
6.176615e-02
6.238341e-02
6.286979e-02
6.274986e-02
6.270289e-02
6.379199e-02
6.234789e-02
6.293416e-02
6.277323e-02
6.245828e-02
6.378078e-02
6.289458e-02
6.265116e-02
6.314707e-02
6.284046e-02
6.202960e-02
6.311679e-02
6.266236e-02
6.250095e-02
6.189609e-02
6.283236e-02
6.271887e-02
6.279898e-02
6.262517e-02
6.282425e-02
6.242871e-02
6.240296e-02
6.173110e-02
6.238580e-02
6.267262e-02
6.271076e-02
6.158686e-02
6.182790e-02
6.180644e-02
6.240869e-02
6.285214e-02
6.258702e-02
6.290340e-02
6.239891e-02
6.281424e-02
6.299829e-02
6.197190e-02
6.146646e-02
6.268549e-02
6.280971e-02
6.278992e-02
6.032968e-02
6.243086e-02
6.247616e-02
6.296539e-02
6.223917e-02
6.274581e-02
6.266785e-02
6.248045e-02
6.395841e-02
6.283426e-02
6.141543e-02
6.238675e-02
6.270242e-02
6.269002e-02
6.272650e-02
6.276345e-02
6.269789e-02
6.164598e-02
6.268239e-02
6.260276e-02
6.256533e-02
6.274390e-02
6.253552e-02
6.288505e-02
6.282163e-02
6.251025e-02
6.250763e-02
6.266642e-02
6.277752e-02
6.186032e-02
6.274438e-02
6.284070e-02
6.266212e-02
6.257081e-02
6.192017e-02
6.281161e-02
6.253529e-02
6.161952e-02
6.157184e-02
6.265426e-02
6.266928e-02
6.260061e-02
6.161427e-02
6.178617e-02
6.258202e-02
6.262684e-02
6.246448e-02
6.268764e-02
6.169891e-02
6.269526e-02
6.181097e-02
6.263018e-02
6.277633e-02
6.267571e-02
6.272149e-02
6.141114e-02
6.128025e-02
6.282735e-02
6.247663e-02
6.244659e-02
6.180882e-02
6.183004e-02
6.262255e-02
6.270456e-02
6.261826e-02
6.262422e-02
6.269789e-02
6.252575e-02
6.265259e-02
6.249142e-02
6.179118e-02
6.141853e-02
6.249809e-02
6.251788e-02
6.186533e-02
6.254482e-02
6.280184e-02
6.290054e-02
6.241179e-02
6.281686e-02
6.193161e-02
6.167173e-02
6.226134e-02
6.171823e-02
6.284022e-02
6.174731e-02
6.259727e-02
6.225705e-02
6.220293e-02
6.257725e-02
6.076169e-02
6.171155e-02
6.170821e-02
6.220841e-02
6.290245e-02
6.229234e-02
6.294823e-02
6.168008e-02
6.284809e-02
6.282806e-02
6.270313e-02
6.275558e-02
6.273174e-02
6.267452e-02
6.185198e-02
6.155705e-02
6.252837e-02
6.149888e-02
6.259894e-02
6.277704e-02
6.276703e-02
6.254148e-02
6.274366e-02
6.253433e-02
6.217194e-02
6.269979e-02
6.285310e-02
6.108713e-02
6.276917e-02
6.144905e-02
6.260633e-02
6.163287e-02
6.191397e-02
6.227350e-02
6.265783e-02
6.372666e-02
6.170225e-02
6.266356e-02
6.285954e-02
6.272936e-02
6.262207e-02
6.276941e-02
6.283832e-02
6.147075e-02
6.050491e-02
6.162596e-02
6.238103e-02
6.171966e-02
6.280136e-02
6.274080e-02
6.144357e-02
6.281471e-02
6.281352e-02
6.268191e-02
6.272125e-02
6.266594e-02
6.153798e-02
6.429338e-02
6.153703e-02
6.259656e-02
6.166959e-02
6.276345e-02
6.273437e-02
6.230617e-02
6.161976e-02
6.249237e-02
6.293273e-02
6.162429e-02
6.164002e-02
6.149268e-02
6.255174e-02
6.241322e-02
6.158543e-02
6.288624e-02
6.266403e-02
6.255937e-02
6.264615e-02
6.272769e-02
6.271029e-02
6.280828e-02
6.264925e-02
6.263137e-02
6.165481e-02
6.234479e-02
6.274056e-02
6.208754e-02
6.212354e-02
6.249213e-02
6.281734e-02
6.263757e-02
6.281662e-02
6.266427e-02
6.282544e-02
6.250334e-02
6.288910e-02
6.250715e-02
6.195259e-02
6.216836e-02
6.280088e-02
6.275105e-02
6.168890e-02
6.159019e-02
6.213808e-02
6.174922e-02
6.253266e-02
6.242228e-02
6.130409e-02
6.266165e-02
6.286836e-02
6.261110e-02
6.270242e-02
6.280017e-02
6.276774e-02
6.255436e-02
6.160092e-02
6.280994e-02
6.192040e-02
6.247425e-02
6.239367e-02
6.269097e-02
6.245685e-02
6.256747e-02
6.354165e-02
6.287503e-02
6.169271e-02
6.144738e-02
6.273127e-02
6.263828e-02
6.268668e-02
6.245160e-02
6.133842e-02
6.250167e-02
6.287408e-02
6.268406e-02
6.164837e-02
6.281137e-02
6.241369e-02
6.235886e-02
6.178236e-02
6.271887e-02
6.272840e-02
6.272292e-02
6.149387e-02
6.263328e-02
6.291580e-02
6.290436e-02
6.258845e-02
6.265879e-02
6.300259e-02
6.243968e-02
6.262255e-02
6.264877e-02
6.274056e-02
6.281996e-02
6.204343e-02
6.302094e-02
6.252050e-02
6.253219e-02
6.254125e-02
6.261325e-02
6.228209e-02
6.282496e-02
6.170177e-02
6.177235e-02
6.141257e-02
6.249213e-02
6.166077e-02
6.190825e-02
6.259775e-02
6.460547e-02
6.266499e-02
6.131124e-02
6.278682e-02
6.169367e-02
6.171203e-02
6.273174e-02
6.260014e-02
6.256509e-02
6.281948e-02
6.278658e-02
6.254101e-02
6.154752e-02
6.269145e-02
6.257606e-02
6.278157e-02
6.278563e-02
6.249762e-02
6.268072e-02
6.266761e-02
6.244969e-02
6.292915e-02
6.272554e-02
6.236553e-02
6.273532e-02
6.270504e-02
6.287694e-02
6.331086e-02
6.283164e-02
6.263518e-02
6.373048e-02
6.185389e-02
6.189013e-02
6.262350e-02
6.265783e-02
6.174493e-02
6.258011e-02
6.151891e-02
6.150222e-02
6.260395e-02
6.277347e-02
6.138897e-02
6.257343e-02
6.294131e-02
6.262708e-02
6.203842e-02
6.258774e-02
6.185222e-02
6.267262e-02
6.147337e-02
6.244969e-02
6.262112e-02
6.068468e-02
6.191134e-02
6.135631e-02
6.171823e-02
6.263685e-02
6.255651e-02
6.221342e-02
6.155515e-02
6.151295e-02
6.284118e-02
6.170011e-02
6.282568e-02
6.162167e-02
6.237769e-02
6.214929e-02
6.266165e-02
6.063366e-02
6.272364e-02
6.168032e-02
6.256366e-02
6.262445e-02
6.264138e-02
6.258726e-02
6.281638e-02
6.176281e-02
6.287694e-02
6.264305e-02
6.270456e-02
6.136227e-02
6.285262e-02
6.277895e-02
6.271553e-02
6.272697e-02
6.262207e-02
6.136036e-02
6.281590e-02
6.265116e-02
6.271839e-02
6.246185e-02
6.273270e-02
6.268358e-02
6.210399e-02
6.293774e-02
6.183004e-02
6.269574e-02
6.251788e-02
6.284976e-02
6.312060e-02
6.281734e-02
6.236339e-02
6.268740e-02
6.279659e-02
6.278777e-02
6.246948e-02
6.159186e-02
6.233811e-02
6.206512e-02
6.210256e-02
6.260753e-02
6.162500e-02
6.183481e-02
6.273127e-02
6.272411e-02
6.251955e-02
6.257105e-02
6.275916e-02
6.139970e-02
6.262541e-02
6.144261e-02
6.262755e-02
6.170106e-02
6.289077e-02
6.150985e-02
6.257153e-02
6.253266e-02
6.248856e-02
6.170630e-02
6.253433e-02
6.163645e-02
6.271839e-02
6.276774e-02
6.190896e-02
6.255007e-02
6.274533e-02
6.269932e-02
6.262398e-02
6.250715e-02
6.297302e-02
6.254864e-02
6.218171e-02
6.089711e-02
6.083035e-02
6.167293e-02
6.265068e-02
6.271791e-02
6.160879e-02
6.285763e-02
6.251025e-02
6.247711e-02
6.304765e-02
6.283474e-02
6.142449e-02
6.149721e-02
6.183577e-02
6.275797e-02
6.257701e-02
6.256318e-02
6.221008e-02
6.200027e-02
6.139803e-02
6.220222e-02
6.293964e-02
6.169009e-02
6.265140e-02
6.260490e-02
6.188917e-02
6.272030e-02
6.276894e-02
6.242085e-02
6.251860e-02
6.182384e-02
6.160617e-02
6.269073e-02
6.273293e-02
6.252933e-02
6.259203e-02
6.277895e-02
6.177092e-02
6.153202e-02
6.226587e-02
6.159163e-02
6.273389e-02
6.250811e-02
6.276894e-02
6.292534e-02
6.290030e-02
6.360435e-02
6.244731e-02
6.285501e-02
6.351042e-02
6.289434e-02
6.281638e-02
6.255388e-02
6.287336e-02
6.177187e-02
6.275320e-02
6.273794e-02
6.205487e-02
6.280732e-02
6.276083e-02
6.272745e-02
6.260204e-02
6.259322e-02
6.258368e-02
6.166339e-02
6.272769e-02
6.254125e-02
6.228828e-02
6.280279e-02
6.265426e-02
6.272292e-02
6.274295e-02
6.274796e-02
6.183553e-02
6.298637e-02
6.121588e-02
6.251955e-02
6.270432e-02
6.279564e-02
6.288171e-02
6.269932e-02
6.160092e-02
6.287956e-02
6.266260e-02
6.267238e-02
6.249356e-02
6.167340e-02
6.252241e-02
6.261945e-02
6.190872e-02
6.181979e-02
6.284475e-02
6.256700e-02
6.282640e-02
6.251931e-02
6.268740e-02
6.165695e-02
6.181097e-02
6.297517e-02
6.288362e-02
6.254816e-02
6.166577e-02
6.273460e-02
6.240177e-02
6.254339e-02
6.161046e-02
6.243491e-02
6.267452e-02
6.257296e-02
6.301522e-02
6.292057e-02
6.340480e-02
6.284547e-02
6.173325e-02
6.167340e-02
6.265283e-02
6.276965e-02
6.274152e-02
6.272745e-02
6.262064e-02
6.188822e-02
6.280541e-02
6.252074e-02
6.238937e-02
6.258225e-02
6.264544e-02
6.213999e-02
6.266189e-02
6.277585e-02
6.276512e-02
6.274033e-02
6.274343e-02
6.265759e-02
6.258845e-02
6.168413e-02
6.160736e-02
6.261635e-02
6.152701e-02
6.159973e-02
6.267118e-02
6.269550e-02
6.258345e-02
6.267738e-02
6.268072e-02
6.175780e-02
6.240702e-02
6.249118e-02
6.290650e-02
6.269431e-02
6.251693e-02
6.271291e-02
6.252480e-02
6.229162e-02
6.266737e-02
6.224585e-02
6.271887e-02
6.285262e-02
6.272793e-02
6.243324e-02
6.180739e-02
6.269908e-02
6.274939e-02
