2.310121e-01
2.310662e-01
2.295942e-01
2.295027e-01
2.295520e-01
2.294202e-01
2.298303e-01
2.297871e-01
2.298133e-01
2.296658e-01
2.305360e-01
2.297480e-01
2.294388e-01
2.294991e-01
2.295356e-01
2.298880e-01
2.295947e-01
2.296314e-01
2.296338e-01
2.295420e-01
2.296016e-01
2.305696e-01
2.295411e-01
2.306647e-01
2.294202e-01
2.305543e-01
2.294343e-01
2.304454e-01
2.292349e-01
2.295897e-01
2.295353e-01
2.307382e-01
2.292910e-01
2.296727e-01
2.293913e-01
2.295136e-01
2.295301e-01
2.293167e-01
2.295337e-01
2.295058e-01
2.306774e-01
2.296057e-01
2.293553e-01
2.303469e-01
2.307639e-01
2.296419e-01
2.293885e-01
2.294769e-01
2.295570e-01
2.294068e-01
2.304251e-01
2.296829e-01
2.295432e-01
2.296877e-01
2.307312e-01
2.295613e-01
2.295580e-01
2.301393e-01
2.290926e-01
2.295144e-01
2.295206e-01
2.296181e-01
2.296617e-01
2.304087e-01
2.295361e-01
2.294924e-01
2.300086e-01
2.311630e-01
2.296448e-01
2.295325e-01
2.295992e-01
2.296913e-01
2.293072e-01
2.307589e-01
2.295773e-01
2.305617e-01
2.305777e-01
2.294579e-01
2.297139e-01
2.293074e-01
2.295244e-01
2.295592e-01
2.305119e-01
2.296810e-01
2.295651e-01
2.297776e-01
2.297356e-01
2.304125e-01
2.296484e-01
2.293537e-01
2.291589e-01
2.297401e-01
2.294633e-01
2.296016e-01
2.306204e-01
2.294796e-01
2.293551e-01
2.293344e-01
2.306826e-01
2.295904e-01
2.295127e-01
2.294717e-01
2.294531e-01
2.294483e-01
2.300282e-01
2.296493e-01
2.294111e-01
2.295287e-01
2.295103e-01
2.296414e-01
2.346280e-01
2.291849e-01
2.292635e-01
2.294598e-01
2.295685e-01
2.293065e-01
2.307410e-01
2.303262e-01
2.295938e-01
2.305381e-01
2.295859e-01
2.309310e-01
2.296252e-01
2.294822e-01
2.297084e-01
2.295017e-01
2.297056e-01
2.304816e-01
2.293017e-01
2.293601e-01
2.296085e-01
2.306821e-01
2.296295e-01
2.296655e-01
2.307656e-01
2.296934e-01
2.307045e-01
2.293484e-01
2.295692e-01
2.295587e-01
2.295804e-01
2.294166e-01
2.294798e-01
2.296278e-01
2.295172e-01
2.295117e-01
2.294939e-01
2.295187e-01
2.318118e-01
2.304649e-01
2.295811e-01
2.303724e-01
2.295370e-01
2.296920e-01
2.295535e-01
2.295828e-01
2.306838e-01
2.306533e-01
2.306123e-01
2.295642e-01
2.294126e-01
2.292964e-01
2.296152e-01
2.296765e-01
2.305815e-01
2.307029e-01
2.292752e-01
2.295637e-01
2.293813e-01
2.303445e-01
2.315331e-01
2.297113e-01
2.293639e-01
2.296021e-01
2.308276e-01
2.293754e-01
2.306440e-01
2.293675e-01
2.296059e-01
2.317784e-01
2.296958e-01
2.293646e-01
2.295909e-01
2.294943e-01
2.307360e-01
2.296646e-01
2.295370e-01
2.295718e-01
2.294171e-01
2.293117e-01
2.297258e-01
2.310576e-01
2.293439e-01
2.294612e-01
2.306030e-01
2.296212e-01
2.293973e-01
2.295403e-01
2.296073e-01
2.307987e-01
2.293897e-01
2.296469e-01
2.293658e-01
2.296138e-01
2.291601e-01
2.306798e-01
2.307453e-01
2.307494e-01
2.295697e-01
2.306221e-01
2.297897e-01
2.294796e-01
2.294400e-01
2.296481e-01
2.296007e-01
2.295508e-01
2.294354e-01
2.293551e-01
2.295034e-01
2.294738e-01
2.296169e-01
2.294819e-01
2.306983e-01
2.295022e-01
2.293496e-01
2.294259e-01
2.295229e-01
2.297375e-01
2.294676e-01
2.296104e-01
2.296765e-01
2.296169e-01
2.292724e-01
2.296104e-01
2.294445e-01
2.294822e-01
2.294941e-01
2.318244e-01
2.306473e-01
2.295296e-01
2.293494e-01
2.294271e-01
2.296190e-01
2.296171e-01
2.293737e-01
2.295387e-01
2.293897e-01
2.308254e-01
2.295001e-01
2.295835e-01
2.295606e-01
2.295349e-01
2.309303e-01
2.296689e-01
2.296755e-01
2.306886e-01
2.305269e-01
2.307642e-01
2.294149e-01
2.295063e-01
2.296035e-01
2.297244e-01
2.308452e-01
2.295864e-01
2.295833e-01
2.293596e-01
2.295527e-01
2.296114e-01
2.297304e-01
2.296605e-01
2.295005e-01
2.295215e-01
2.306488e-01
2.305019e-01
2.294774e-01
2.297461e-01
2.307043e-01
2.297263e-01
2.298162e-01
2.296824e-01
2.295456e-01
2.296081e-01
2.294581e-01
2.299266e-01
2.296154e-01
2.294188e-01
2.294984e-01
2.298439e-01
2.294469e-01
2.294376e-01
2.295966e-01
2.293971e-01
2.295876e-01
2.295594e-01
2.305810e-01
2.304769e-01
2.312114e-01
2.295370e-01
2.295947e-01
2.294519e-01
2.296114e-01
2.295902e-01
2.298193e-01
2.297478e-01
2.298293e-01
2.343638e-01
2.306571e-01
2.297640e-01
2.296703e-01
2.308667e-01
2.298193e-01
2.308600e-01
2.299111e-01
2.296529e-01
2.308483e-01
2.295523e-01
2.297320e-01
2.305827e-01
2.296510e-01
2.296646e-01
2.299011e-01
2.307823e-01
2.317581e-01
2.297270e-01
2.296209e-01
2.294939e-01
2.303002e-01
2.300158e-01
2.297077e-01
2.296822e-01
2.297578e-01
2.295396e-01
2.296638e-01
2.299044e-01
2.297714e-01
2.295384e-01
2.296727e-01
2.298059e-01
2.298119e-01
2.297134e-01
2.299235e-01
2.297909e-01
2.295451e-01
2.292740e-01
2.307527e-01
2.307186e-01
2.308528e-01
2.305734e-01
2.309132e-01
2.296073e-01
2.308631e-01
2.297177e-01
2.309146e-01
2.299888e-01
2.296717e-01
2.295556e-01
2.307963e-01
2.295086e-01
2.296865e-01
2.298083e-01
2.296598e-01
2.296877e-01
2.296851e-01
2.307899e-01
2.308676e-01
2.297628e-01
2.299263e-01
2.306955e-01
2.297142e-01
2.306316e-01
2.297964e-01
2.295589e-01
2.297704e-01
2.306457e-01
2.297969e-01
2.297008e-01
2.305675e-01
2.296760e-01
2.295806e-01
2.297258e-01
2.296803e-01
2.294765e-01
2.296174e-01
2.300630e-01
2.295022e-01
2.296131e-01
2.296448e-01
2.296762e-01
2.296338e-01
2.296996e-01
2.307091e-01
2.297482e-01
2.303970e-01
2.297933e-01
2.298384e-01
2.297153e-01
2.308357e-01
2.297099e-01
2.296278e-01
2.297432e-01
2.298968e-01
2.297041e-01
2.296958e-01
2.296340e-01
2.295959e-01
2.296598e-01
2.292061e-01
2.299051e-01
2.295692e-01
2.304120e-01
2.298284e-01
2.298434e-01
2.301505e-01
2.299201e-01
2.305517e-01
2.296715e-01
2.310250e-01
2.308919e-01
2.296717e-01
2.299197e-01
2.300675e-01
2.299337e-01
2.298598e-01
2.300630e-01
2.296834e-01
2.297628e-01
2.297292e-01
2.298975e-01
2.308536e-01
2.299325e-01
2.297964e-01
2.297235e-01
2.297697e-01
2.309866e-01
2.298911e-01
2.297287e-01
2.300470e-01
2.298827e-01
2.305369e-01
2.297566e-01
2.297218e-01
2.298658e-01
2.298670e-01
2.304811e-01
2.300248e-01
2.298927e-01
2.306325e-01
2.309012e-01
2.298262e-01
2.300138e-01
2.299931e-01
2.299712e-01
2.328310e-01
2.298346e-01
2.300992e-01
2.310483e-01
2.300982e-01
2.307582e-01
2.300003e-01
2.322636e-01
2.300546e-01
2.299645e-01
2.307498e-01
2.299581e-01
2.300334e-01
2.307949e-01
2.300034e-01
2.298808e-01
2.317815e-01
2.340622e-01
2.315726e-01
2.302656e-01
2.300141e-01
2.298992e-01
2.299557e-01
2.300649e-01
2.299585e-01
2.300050e-01
2.299159e-01
2.301970e-01
2.299132e-01
2.298846e-01
2.297914e-01
2.308400e-01
2.300267e-01
2.306006e-01
2.300344e-01
2.300982e-01
2.323847e-01
2.324009e-01
2.323668e-01
2.325516e-01
2.321229e-01
2.323310e-01
2.320976e-01
2.323267e-01
2.323816e-01
2.323971e-01
2.323384e-01
2.322838e-01
2.343600e-01
2.330406e-01
2.331917e-01
2.322967e-01
2.334714e-01
2.336919e-01
2.327812e-01
2.325804e-01
2.330256e-01
2.317412e-01
2.323236e-01
2.335622e-01
2.326515e-01
2.321448e-01
2.326417e-01
2.320821e-01
2.322602e-01
2.335896e-01
2.323492e-01
2.321711e-01
2.328663e-01
2.401023e-01
2.343471e-01
2.320178e-01
2.336979e-01
2.340200e-01
2.321415e-01
2.342949e-01
2.309227e-01
2.341642e-01
2.331209e-01
2.312021e-01
2.332065e-01
2.323120e-01
2.311761e-01
2.316053e-01
2.309804e-01
2.316661e-01
2.310543e-01
2.314129e-01
2.327495e-01
2.323463e-01
2.316685e-01
2.319918e-01
2.321200e-01
2.324104e-01
2.317753e-01
2.417719e-01
2.322624e-01
2.314215e-01
2.310269e-01
2.327921e-01
2.347405e-01
2.308655e-01
2.450945e-01
2.389834e-01
2.356668e-01
2.293673e-01
2.294803e-01
2.295799e-01
2.297161e-01
2.303379e-01
2.302055e-01
2.309523e-01
2.305262e-01
2.305832e-01
2.305467e-01
2.302814e-01
2.303960e-01
2.301047e-01
2.300391e-01
2.301252e-01
2.300565e-01
2.301662e-01
2.301698e-01
2.300439e-01
2.305634e-01
2.301147e-01
2.303028e-01
2.306054e-01
2.299325e-01
2.303352e-01
2.303183e-01
2.300153e-01
2.299454e-01
2.308123e-01
2.299731e-01
2.300518e-01
2.306755e-01
2.297733e-01
2.299647e-01
2.304950e-01
2.297337e-01
2.299252e-01
2.297587e-01
2.297683e-01
2.300961e-01
2.297618e-01
2.301221e-01
2.306745e-01
2.297630e-01
2.301040e-01
2.300518e-01
2.297988e-01
2.300997e-01
2.300649e-01
2.298627e-01
2.305791e-01
2.297454e-01
2.297521e-01
2.301350e-01
2.300832e-01
2.297564e-01
2.301633e-01
2.300286e-01
2.298779e-01
2.297494e-01
2.299798e-01
2.301688e-01
2.299113e-01
2.301035e-01
2.316403e-01
2.317169e-01
2.314923e-01
2.315578e-01
2.324171e-01
2.314332e-01
2.319212e-01
2.315426e-01
2.335310e-01
2.312191e-01
2.327759e-01
2.320182e-01
2.320855e-01
2.330859e-01
2.322886e-01
2.318058e-01
2.316890e-01
2.328296e-01
2.346063e-01
2.315190e-01
2.333071e-01
2.315421e-01
2.307220e-01
2.359266e-01
2.315834e-01
2.323277e-01
2.316027e-01
2.313960e-01
2.324669e-01
2.322576e-01
2.460868e-01
2.320910e-01
2.321906e-01
2.346902e-01
2.335501e-01
2.311757e-01
2.319102e-01
2.333474e-01
2.319269e-01
2.321658e-01
2.322409e-01
2.310345e-01
2.328036e-01
2.350466e-01
2.360120e-01
2.349687e-01
2.350278e-01
2.361815e-01
2.350698e-01
2.348580e-01
2.361019e-01
2.350001e-01
2.344513e-01
2.349188e-01
2.349179e-01
2.349713e-01
2.348044e-01
2.348578e-01
2.346442e-01
2.348614e-01
2.399883e-01
2.362857e-01
2.637925e-01
2.923253e-01
2.430241e-01
2.348948e-01
2.351778e-01
2.349372e-01
2.598922e-01
