8.690357e-04
5.645752e-04
5.564690e-04
5.731583e-04
7.081032e-04
5.373955e-04
7.264614e-04
7.257462e-04
7.100105e-04
7.703304e-04
7.116795e-04
7.717609e-04
7.297993e-04
7.367134e-04
7.457733e-04
7.159710e-04
7.469654e-04
7.140636e-04
7.615089e-04
5.874634e-04
8.111000e-04
6.175041e-04
6.937981e-04
7.648468e-04
7.171631e-04
7.312298e-04
7.655621e-04
7.209778e-04
7.414818e-04
7.133484e-04
7.109642e-04
5.192757e-04
5.481243e-04
7.369518e-04
5.459785e-04
7.479191e-04
5.390644e-04
7.276535e-04
6.036758e-04
7.412434e-04
7.464886e-04
7.283688e-04
7.381439e-04
5.474091e-04
7.367134e-04
7.030964e-04
7.159710e-04
7.433891e-04
7.736683e-04
6.871223e-04
7.166862e-04
5.590916e-04
7.250309e-04
7.278919e-04
7.877350e-04
7.290840e-04
7.097721e-04
7.281303e-04
7.452965e-04
7.364750e-04
7.083416e-04
5.283356e-04
5.609989e-04
7.274151e-04
6.072521e-04
7.481575e-04
7.030964e-04
7.565022e-04
8.141994e-04
7.379055e-04
7.760525e-04
7.417202e-04
7.693768e-04
7.510185e-04
7.195473e-04
7.188320e-04
7.424355e-04
7.433891e-04
5.455017e-04
5.476475e-04
7.903576e-04
7.605553e-04
7.736683e-04
5.500317e-04
7.038116e-04
7.789135e-04
7.574558e-04
7.412434e-04
7.040501e-04
7.669926e-04
7.634163e-04
7.383823e-04
7.462502e-04
5.769730e-04
7.905960e-04
5.500317e-04
5.486012e-04
6.895065e-04
5.486012e-04
5.450249e-04
7.107258e-04
7.357597e-04
7.750988e-04
7.314682e-04
7.696152e-04
7.581711e-04
7.481575e-04
7.417202e-04
7.150173e-04
7.357597e-04
5.440712e-04
5.731583e-04
7.071495e-04
5.805492e-04
5.493164e-04
5.578995e-04
7.576942e-04
7.355213e-04
7.102489e-04
5.617142e-04
8.215904e-04
7.529259e-04
7.448196e-04
7.183552e-04
7.479191e-04
5.445480e-04
5.173683e-04
7.612705e-04
7.076263e-04
7.402897e-04
6.999969e-04
5.381107e-04
7.140636e-04
7.338524e-04
7.243156e-04
7.183552e-04
7.407665e-04
7.417202e-04
7.040501e-04
7.381439e-04
7.865429e-04
5.655289e-04
5.536079e-04
7.071495e-04
7.867813e-04
5.264282e-04
7.083416e-04
7.426739e-04
7.650852e-04
7.116795e-04
7.481575e-04
7.140636e-04
7.915497e-04
7.104874e-04
7.903576e-04
5.798340e-04
5.471706e-04
7.061958e-04
7.579327e-04
7.624626e-04
7.853508e-04
5.631447e-04
7.355213e-04
7.174015e-04
7.603168e-04
7.183552e-04
5.445480e-04
5.223751e-04
7.538795e-04
7.383823e-04
7.827282e-04
5.264282e-04
7.412434e-04
7.257462e-04
7.123947e-04
7.512569e-04
7.076263e-04
7.483959e-04
7.085800e-04
7.100105e-04
7.410049e-04
7.524490e-04
7.455349e-04
5.700588e-04
7.090569e-04
5.311966e-04
5.404949e-04
6.308556e-04
7.579327e-04
7.369518e-04
7.038116e-04
7.503033e-04
7.426739e-04
7.364750e-04
7.059574e-04
7.407665e-04
8.163452e-04
5.440712e-04
7.894039e-04
7.772446e-04
5.855560e-04
5.652905e-04
7.057190e-04
5.712509e-04
5.965233e-04
7.259846e-04
7.770061e-04
6.301403e-04
7.867813e-04
7.193089e-04
7.462502e-04
5.629063e-04
7.190704e-04
6.144047e-04
7.002354e-04
6.999969e-04
5.893707e-04
7.236004e-04
7.162094e-04
7.262230e-04
6.959438e-04
5.562305e-04
7.393360e-04
7.472038e-04
7.123947e-04
6.036758e-04
7.102489e-04
7.088184e-04
5.831718e-04
6.997585e-04
7.953644e-04
7.836819e-04
7.097721e-04
7.476807e-04
7.739067e-04
7.247925e-04
4.971027e-04
7.083416e-04
7.436275e-04
6.763935e-04
5.176067e-04
7.317066e-04
5.474091e-04
7.188320e-04
6.177425e-04
5.683899e-04
7.081032e-04
7.045269e-04
5.791187e-04
7.283688e-04
7.648468e-04
7.450581e-04
7.092953e-04
7.243156e-04
7.488728e-04
7.460117e-04
7.882118e-04
7.097721e-04
5.562305e-04
5.555153e-04
7.603168e-04
8.172989e-04
6.914139e-04
5.812645e-04
7.853508e-04
7.257462e-04
7.333755e-04
7.319450e-04
7.474422e-04
7.178783e-04
7.309914e-04
7.257462e-04
7.123947e-04
6.060600e-04
7.410049e-04
5.657673e-04
7.293224e-04
7.071495e-04
6.580353e-04
5.600452e-04
7.240772e-04
7.333755e-04
7.057190e-04
7.371902e-04
7.362366e-04
7.369518e-04
7.066727e-04
7.481575e-04
7.078648e-04
8.001328e-04
6.916523e-04
6.687641e-04
5.540848e-04
7.040501e-04
7.083416e-04
7.092953e-04
7.417202e-04
7.510185e-04
5.779266e-04
6.964207e-04
7.431507e-04
7.433891e-04
7.052422e-04
6.010532e-04
5.710125e-04
8.020401e-04
5.331039e-04
7.057190e-04
6.959438e-04
7.405281e-04
7.095337e-04
7.371902e-04
7.095337e-04
6.868839e-04
7.078648e-04
7.441044e-04
7.250309e-04
7.548332e-04
7.808208e-04
5.292892e-04
6.346703e-04
6.670952e-04
8.327961e-04
6.678104e-04
7.126331e-04
7.617474e-04
7.090569e-04
7.472038e-04
7.522106e-04
7.457733e-04
7.448196e-04
7.278919e-04
7.560253e-04
7.960796e-04
7.064342e-04
7.703304e-04
6.077290e-04
6.909370e-04
7.069111e-04
7.081032e-04
7.202625e-04
7.333755e-04
7.753372e-04
7.436275e-04
7.879734e-04
7.462502e-04
7.424355e-04
7.231236e-04
7.793903e-04
6.191730e-04
6.184578e-04
7.982254e-04
5.836487e-04
7.033348e-04
6.945133e-04
7.371902e-04
7.228851e-04
7.579327e-04
7.634163e-04
7.057190e-04
7.140636e-04
7.531643e-04
7.078648e-04
7.452965e-04
7.429123e-04
7.774830e-04
7.843971e-04
7.431507e-04
7.467270e-04
7.345676e-04
5.104542e-04
7.371902e-04
7.531643e-04
7.371902e-04
7.498264e-04
7.843971e-04
7.395744e-04
7.491112e-04
5.283356e-04
5.533695e-04
7.205009e-04
7.085800e-04
7.312298e-04
7.023811e-04
6.999969e-04
7.133484e-04
7.600784e-04
7.236004e-04
7.588863e-04
7.286072e-04
7.815361e-04
7.417202e-04
7.481575e-04
7.460117e-04
7.722378e-04
7.033348e-04
7.746220e-04
5.679131e-04
7.236004e-04
7.538795e-04
5.004406e-04
7.028580e-04
7.479191e-04
5.850792e-04
7.088184e-04
7.033348e-04
7.443428e-04
7.517338e-04
7.681847e-04
5.536079e-04
7.028580e-04
5.533695e-04
7.085800e-04
7.953644e-04
5.867481e-04
7.028580e-04
7.874966e-04
7.615089e-04
7.290840e-04
7.374287e-04
7.710457e-04
6.208420e-04
6.983280e-04
7.438660e-04
7.472038e-04
7.081032e-04
5.700588e-04
6.995201e-04
7.147789e-04
5.824566e-04
7.684231e-04
6.902218e-04
5.593300e-04
7.052422e-04
7.698536e-04
7.061958e-04
7.700920e-04
7.188320e-04
7.507801e-04
7.405281e-04
7.324219e-04
7.348061e-04
7.412434e-04
6.794930e-04
7.543564e-04
7.092953e-04
7.464886e-04
7.116795e-04
7.479191e-04
6.117821e-04
5.352497e-04
5.412102e-04
7.500648e-04
6.113052e-04
6.771088e-04
7.007122e-04
7.503033e-04
7.100105e-04
7.302761e-04
7.131100e-04
7.331371e-04
7.057190e-04
7.450581e-04
7.438660e-04
7.481575e-04
7.052422e-04
5.650520e-04
6.320477e-04
7.236004e-04
7.009506e-04
7.646084e-04
7.042885e-04
7.047653e-04
7.107258e-04
7.574558e-04
7.052422e-04
7.090569e-04
7.910728e-04
7.274151e-04
7.174015e-04
5.686283e-04
7.748604e-04
7.257462e-04
7.743835e-04
7.154942e-04
7.317066e-04
7.157326e-04
7.054806e-04
7.345676e-04
7.879734e-04
7.398129e-04
5.776882e-04
6.885529e-04
6.992817e-04
7.054806e-04
6.053448e-04
7.295609e-04
7.374287e-04
6.122589e-04
7.190704e-04
7.071495e-04
7.412434e-04
7.119179e-04
7.257462e-04
5.180836e-04
5.443096e-04
5.834103e-04
7.302761e-04
7.383823e-04
7.302761e-04
7.083416e-04
7.712841e-04
7.236004e-04
7.162094e-04
7.185936e-04
7.436275e-04
7.169247e-04
7.030964e-04
7.414818e-04
5.657673e-04
7.324219e-04
5.717278e-04
7.152557e-04
7.016659e-04
7.324219e-04
7.052422e-04
7.245541e-04
7.061958e-04
7.283688e-04
7.216930e-04
6.556511e-04
7.078648e-04
7.469654e-04
7.429123e-04
7.278919e-04
5.459785e-04
6.263256e-04
7.708073e-04
7.734299e-04
7.050037e-04
5.581379e-04
7.138252e-04
7.541180e-04
7.085800e-04
7.655621e-04
7.872581e-04
7.128716e-04
7.078648e-04
7.288456e-04
5.764961e-04
6.353855e-04
7.085800e-04
5.633831e-04
6.890297e-04
7.090569e-04
7.026196e-04
7.448196e-04
7.865429e-04
7.710457e-04
7.061958e-04
7.359982e-04
6.959438e-04
7.505417e-04
7.038116e-04
5.414486e-04
5.493164e-04
7.085800e-04
7.057190e-04
7.059574e-04
7.147789e-04
7.517338e-04
7.438660e-04
7.047653e-04
7.307529e-04
5.645752e-04
7.047653e-04
7.438660e-04
7.278919e-04
5.235672e-04
7.371902e-04
7.212162e-04
6.225109e-04
7.023811e-04
8.096695e-04
5.543232e-04
7.407665e-04
8.218288e-04
5.824566e-04
7.057190e-04
6.985664e-04
7.410049e-04
6.947517e-04
7.050037e-04
7.345676e-04
7.076263e-04
7.157326e-04
7.283688e-04
7.410049e-04
5.686283e-04
7.562637e-04
7.023811e-04
5.743504e-04
7.157326e-04
5.567074e-04
6.363392e-04
8.237362e-04
7.131100e-04
7.407665e-04
5.657673e-04
7.016659e-04
7.224083e-04
7.390976e-04
7.226467e-04
5.948544e-04
7.812977e-04
5.524158e-04
7.433891e-04
5.748272e-04
7.524490e-04
7.328987e-04
5.624294e-04
7.011890e-04
5.304813e-04
7.143021e-04
7.514954e-04
7.376671e-04
7.600784e-04
7.040501e-04
7.050037e-04
7.021427e-04
7.066727e-04
5.538464e-04
6.408691e-04
7.982254e-04
5.362034e-04
7.052422e-04
5.414486e-04
7.157326e-04
7.212162e-04
7.505417e-04
7.202625e-04
7.095337e-04
4.963875e-04
7.333755e-04
7.817745e-04
7.040501e-04
7.331371e-04
7.038116e-04
7.159710e-04
7.028580e-04
7.278919e-04
7.057190e-04
7.629395e-04
7.061958e-04
7.448196e-04
7.443428e-04
7.503033e-04
7.076263e-04
7.736683e-04
5.908012e-04
7.820129e-04
5.609989e-04
7.324219e-04
6.990433e-04
6.413460e-04
7.009506e-04
7.116795e-04
7.388592e-04
5.662441e-04
7.665157e-04
7.047653e-04
7.658005e-04
6.973743e-04
7.305145e-04
7.097721e-04
7.274151e-04
7.874966e-04
5.805492e-04
5.834103e-04
5.490780e-04
7.052422e-04
6.554127e-04
7.109642e-04
5.488396e-04
7.343292e-04
7.340908e-04
7.472038e-04
7.436275e-04
5.483627e-04
7.619858e-04
7.033348e-04
5.722046e-04
7.698536e-04
5.509853e-04
7.817745e-04
5.490780e-04
7.061958e-04
7.066727e-04
7.307529e-04
7.278919e-04
7.748604e-04
7.073879e-04
7.357597e-04
7.150173e-04
7.436275e-04
6.964207e-04
7.324219e-04
7.238388e-04
7.371902e-04
5.590916e-04
7.345676e-04
7.312298e-04
7.047653e-04
6.856918e-04
7.331371e-04
7.610321e-04
5.412102e-04
6.990433e-04
7.035732e-04
7.741451e-04
7.200241e-04
7.314682e-04
7.350445e-04
7.088184e-04
7.464886e-04
7.696152e-04
7.638931e-04
7.791519e-04
5.514383e-03
7.128716e-04
7.073879e-04
5.781651e-04
7.112026e-04
5.300045e-04
7.050037e-04
5.285740e-04
7.114410e-04
7.059574e-04
5.388260e-04
7.336140e-04
7.359982e-04
7.507801e-04
7.731915e-04
6.983280e-04
7.438660e-04
7.472038e-04
7.050037e-04
7.510185e-04
5.731583e-04
7.767677e-04
5.817413e-04
7.143021e-04
6.926060e-04
5.414486e-04
7.057190e-04
7.073879e-04
7.097721e-04
4.956722e-04
7.312298e-04
7.426739e-04
7.300377e-04
5.836487e-04
7.305145e-04
7.004738e-04
7.193089e-04
8.256435e-04
5.557537e-04
7.348061e-04
7.290840e-04
5.764961e-04
7.164478e-04
7.474422e-04
7.474422e-04
7.519722e-04
7.050037e-04
5.249977e-04
7.128716e-04
5.955696e-04
7.040501e-04
7.126331e-04
6.577969e-04
5.683899e-04
5.433559e-04
7.023811e-04
7.750988e-04
7.443428e-04
7.572174e-04
5.593300e-04
7.364750e-04
7.500648e-04
7.722378e-04
7.266998e-04
7.371902e-04
7.493496e-04
7.131100e-04
7.221699e-04
7.183552e-04
5.638599e-04
7.109642e-04
6.206036e-04
7.138252e-04
5.450249e-04
7.090569e-04
7.312298e-04
7.157326e-04
6.692410e-04
7.133484e-04
7.939339e-04
7.483959e-04
7.174015e-04
5.869865e-04
5.841255e-04
7.879734e-04
5.486012e-04
7.781982e-04
7.524490e-04
6.966591e-04
5.416870e-04
7.257462e-04
7.479191e-04
7.221699e-04
7.162094e-04
7.400513e-04
7.176399e-04
7.054806e-04
7.505417e-04
6.833076e-04
5.199909e-04
7.019043e-04
7.328987e-04
5.445480e-04
7.088184e-04
7.660389e-04
7.479191e-04
7.545948e-04
7.081032e-04
7.421970e-04
7.557869e-04
6.265640e-04
7.061958e-04
5.621910e-04
7.023811e-04
7.612705e-04
8.120537e-04
7.085800e-04
5.760193e-04
7.641315e-04
7.421970e-04
7.429123e-04
7.293224e-04
7.369518e-04
7.164478e-04
7.054806e-04
5.581379e-04
7.638931e-04
6.122589e-04
5.567074e-04
5.679131e-04
7.035732e-04
5.211830e-04
7.023811e-04
5.216599e-04
7.567406e-04
7.295609e-04
7.386208e-04
7.121563e-04
7.448196e-04
5.154610e-04
7.069111e-04
5.259514e-04
7.350445e-04
5.314350e-04
5.457401e-04
5.240440e-04
7.097721e-04
7.247925e-04
7.278919e-04
7.429123e-04
7.033348e-04
7.207394e-04
7.250309e-04
7.405281e-04
7.476807e-04
7.476807e-04
7.455349e-04
7.469654e-04
7.154942e-04
7.731915e-04
7.166862e-04
7.114410e-04
7.152557e-04
7.319450e-04
4.971027e-04
7.438660e-04
7.047653e-04
7.774830e-04
5.505085e-04
5.450249e-04
5.538464e-04
6.868839e-04
7.104874e-04
7.877350e-04
7.214546e-04
7.376671e-04
7.157326e-04
7.424355e-04
7.026196e-04
7.438660e-04
7.104874e-04
6.213188e-04
7.145405e-04
5.853176e-04
7.069111e-04
7.483959e-04
7.023811e-04
5.388260e-04
7.069111e-04
7.669926e-04
7.097721e-04
7.419586e-04
6.988049e-04
5.657673e-04
7.059574e-04
7.226467e-04
5.731583e-04
7.224083e-04
5.543232e-04
7.460117e-04
6.890297e-04
7.047653e-04
5.726814e-04
7.078648e-04
7.028580e-04
7.333755e-04
7.219315e-04
7.390976e-04
7.476807e-04
7.183552e-04
7.457733e-04
7.462502e-04
7.565022e-04
7.092953e-04
5.981922e-04
7.281303e-04
5.483627e-04
6.973743e-04
6.890297e-04
7.026196e-04
7.071495e-04
7.131100e-04
7.305145e-04
7.126331e-04
7.455349e-04
6.957054e-04
7.228851e-04
7.045269e-04
7.421970e-04
7.100105e-04
7.755756e-04
7.677078e-04
5.514622e-04
5.426407e-04
6.721020e-04
5.233288e-04
7.157326e-04
7.038116e-04
7.531643e-04
7.100105e-04
7.019043e-04
7.388592e-04
7.257462e-04
7.727146e-04
7.381439e-04
6.215572e-04
7.436275e-04
7.874966e-04
7.081032e-04
7.057190e-04
7.102489e-04
7.543564e-04
7.069111e-04
7.410049e-04
6.918907e-04
7.491112e-04
7.197857e-04
7.770061e-04
7.987022e-04
7.815361e-04
7.958412e-04
6.146431e-04
7.061958e-04
6.973743e-04
6.997585e-04
7.665157e-04
7.107258e-04
7.376671e-04
6.997585e-04
7.131100e-04
7.033348e-04
7.359982e-04
