1.289129e-03
9.839535e-04
8.363724e-04
7.777214e-04
8.633137e-04
8.828640e-04
8.904934e-04
7.786751e-04
9.095669e-04
8.616447e-04
8.101463e-04
7.932186e-04
8.933544e-04
9.191036e-04
9.281635e-04
7.679462e-04
8.568764e-04
7.939339e-04
7.877350e-04
9.291172e-04
9.148121e-04
7.719994e-04
8.761883e-04
9.090900e-04
9.171963e-04
7.448196e-04
7.717609e-04
8.711815e-04
8.919239e-04
7.650852e-04
8.828640e-04
7.629395e-04
8.211136e-04
7.674694e-04
8.924007e-04
9.384155e-04
9.267330e-04
8.163452e-04
8.053780e-04
8.804798e-04
9.114742e-04
9.005070e-04
9.162426e-04
7.929802e-04
8.428097e-04
9.367466e-04
8.165836e-04
7.808208e-04
9.095669e-04
8.759499e-04
8.757114e-04
8.671284e-04
8.077621e-04
8.516312e-04
9.460449e-04
9.138584e-04
7.686615e-04
8.840561e-04
8.447170e-04
7.812977e-04
8.718967e-04
9.205341e-04
9.121895e-04
7.646084e-04
8.211136e-04
8.091927e-04
8.957386e-04
9.038448e-04
9.152889e-04
1.031160e-03
8.819103e-04
8.773804e-04
9.906292e-04
8.752346e-04
9.114742e-04
7.772446e-04
8.971691e-04
9.293556e-04
8.237362e-04
9.310246e-04
7.953644e-04
8.587837e-04
8.170605e-04
8.840561e-04
8.852482e-04
9.133816e-04
7.920265e-04
8.468628e-04
9.133816e-04
9.195805e-04
9.157658e-04
9.162426e-04
7.779598e-04
9.171963e-04
8.237362e-04
7.820129e-04
9.112358e-04
9.150505e-04
8.857250e-04
9.129047e-04
9.090900e-04
8.833408e-04
7.827282e-04
7.762909e-04
8.237362e-04
8.943081e-04
8.730888e-04
8.647442e-04
9.109974e-04
9.086132e-04
8.997917e-04
8.945465e-04
8.733273e-04
9.169579e-04
8.215904e-04
7.696152e-04
7.805824e-04
8.890629e-04
9.171963e-04
9.181499e-04
7.653236e-04
7.643700e-04
7.760525e-04
8.490086e-04
9.243488e-04
7.681847e-04
7.781982e-04
7.956028e-04
7.987022e-04
9.109974e-04
8.139610e-04
7.743835e-04
9.443760e-04
8.862019e-04
7.665157e-04
7.793903e-04
8.161068e-04
7.667542e-04
8.795261e-04
7.658005e-04
8.773804e-04
7.932186e-04
7.655621e-04
8.790493e-04
8.769035e-04
8.680820e-04
9.176731e-04
7.753372e-04
8.549690e-04
9.081364e-04
8.270741e-04
9.200573e-04
8.797646e-04
9.171963e-04
9.779930e-04
7.777214e-04
8.387566e-04
9.100437e-04
7.650852e-04
7.631779e-04
8.826256e-04
8.420944e-04
8.659363e-04
8.840561e-04
8.707047e-04
7.662773e-04
7.994175e-04
9.262562e-04
8.804798e-04
7.905960e-04
7.722378e-04
7.846355e-04
7.724762e-04
7.729530e-04
9.293556e-04
9.057522e-04
8.103848e-04
8.785725e-04
8.366108e-04
8.678436e-04
9.083748e-04
9.148121e-04
8.194447e-04
8.804798e-04
9.381771e-04
9.880066e-04
9.276867e-04
9.202957e-04
8.795261e-04
8.797646e-04
8.218288e-04
7.793903e-04
7.798672e-04
9.329319e-04
9.436607e-04
7.770061e-04
9.121895e-04
9.105206e-04
7.734299e-04
8.809566e-04
9.033680e-04
8.757114e-04
1.005888e-03
8.780956e-04
9.114742e-04
9.174347e-04
7.674694e-04
8.454323e-04
8.397102e-04
9.481907e-04
8.411407e-04
7.970333e-04
9.300709e-04
7.703304e-04
8.821487e-04
8.742809e-04
9.689331e-04
8.723736e-04
9.024143e-04
7.693768e-04
7.722378e-04
7.808208e-04
8.239746e-04
9.207726e-04
9.183884e-04
7.746220e-04
8.044243e-04
8.161068e-04
9.219646e-04
9.231567e-04
8.394718e-04
8.592606e-04
8.840561e-04
7.936954e-04
9.136200e-04
8.866787e-04
9.155273e-04
8.909702e-04
8.840561e-04
9.140968e-04
7.734299e-04
8.857250e-04
8.239746e-04
7.710457e-04
8.511543e-04
9.200573e-04
9.496212e-04
8.909702e-04
9.086132e-04
9.212494e-04
7.748604e-04
8.850098e-04
9.169579e-04
8.888245e-04
8.752346e-04
7.760525e-04
9.210110e-04
9.112358e-04
8.769035e-04
7.779598e-04
9.229183e-04
9.074211e-04
7.512569e-04
8.535385e-04
8.807182e-04
8.640289e-04
8.575916e-04
9.050369e-04
9.167194e-04
7.941723e-04
9.167194e-04
8.003712e-04
8.907318e-04
7.662773e-04
7.789135e-04
7.767677e-04
8.869171e-04
8.704662e-04
9.076595e-04
7.755756e-04
8.013248e-04
9.860992e-04
8.518696e-04
8.788109e-04
7.748604e-04
9.286404e-04
8.840561e-04
9.438992e-04
9.052753e-04
8.225441e-04
9.260178e-04
9.191036e-04
7.915497e-04
9.169579e-04
9.214878e-04
7.665157e-04
8.826256e-04
1.355648e-03
8.943081e-04
9.179115e-04
9.148121e-04
8.852482e-04
8.683205e-04
8.823872e-04
8.516312e-04
7.982254e-04
7.898808e-04
8.766651e-04
7.801056e-04
8.893013e-04
8.645058e-04
8.676052e-04
8.602142e-04
7.743835e-04
7.736683e-04
8.893013e-04
9.062290e-04
7.839203e-04
9.198189e-04
9.055138e-04
9.014606e-04
7.822514e-04
8.935928e-04
8.258820e-04
8.823872e-04
8.640289e-04
8.270741e-04
8.764267e-04
8.847713e-04
9.269714e-04
8.413792e-04
8.587837e-04
8.695126e-04
8.828640e-04
8.826256e-04
9.007454e-04
7.770061e-04
7.753372e-04
8.907318e-04
8.902550e-04
7.865429e-04
8.008480e-04
7.812977e-04
8.490086e-04
8.912086e-04
8.473396e-04
8.120537e-04
8.745193e-04
8.456707e-04
9.281635e-04
8.840561e-04
7.705688e-04
8.451939e-04
7.729530e-04
8.780956e-04
9.162426e-04
9.024143e-04
7.760525e-04
8.735657e-04
8.842945e-04
8.406639e-04
9.167194e-04
9.222031e-04
8.881092e-04
8.301735e-04
8.759499e-04
8.203983e-04
9.284019e-04
8.497238e-04
7.691383e-04
8.919239e-04
7.812977e-04
8.726120e-04
8.840561e-04
8.561611e-04
7.777214e-04
8.771420e-04
9.152889e-04
9.021759e-04
7.934570e-04
8.757114e-04
9.233952e-04
8.282661e-04
8.795261e-04
8.716583e-04
8.478165e-04
8.189678e-04
8.716583e-04
8.502007e-04
9.109974e-04
8.752346e-04
9.250641e-04
8.015633e-04
8.773804e-04
7.700920e-04
7.700920e-04
7.691383e-04
8.814335e-04
8.826256e-04
7.846355e-04
7.710457e-04
7.777214e-04
7.727146e-04
8.962154e-04
8.194447e-04
7.734299e-04
8.912086e-04
7.734299e-04
7.770061e-04
8.687973e-04
9.164810e-04
7.786751e-04
9.517670e-04
8.771420e-04
8.556843e-04
7.703304e-04
8.535385e-04
9.133816e-04
9.043217e-04
9.145737e-04
7.796288e-04
9.238720e-04
8.232594e-04
7.998943e-04
9.691715e-04
8.025169e-04
8.273125e-04
7.843971e-04
8.859634e-04
8.163452e-04
7.760525e-04
9.040833e-04
9.164810e-04
8.876324e-04
9.193420e-04
7.765293e-04
8.885860e-04
7.874966e-04
1.038313e-03
1.044035e-03
1.042366e-03
7.793903e-04
8.187294e-04
8.735657e-04
7.650852e-04
9.326935e-04
8.208752e-04
9.040833e-04
7.750988e-04
8.766651e-04
8.687973e-04
8.189678e-04
8.504391e-04
7.679462e-04
8.020401e-04
8.511543e-04
8.478165e-04
8.623600e-04
9.260178e-04
7.674694e-04
8.511543e-04
9.160042e-04
9.078979e-04
7.555485e-04
7.839203e-04
8.661747e-04
8.754730e-04
9.102821e-04
8.139610e-04
7.669926e-04
8.792877e-04
8.897781e-04
9.255409e-04
8.766651e-04
7.731915e-04
7.646084e-04
7.679462e-04
8.485317e-04
9.446144e-04
9.067059e-04
7.631779e-04
8.504391e-04
8.382797e-04
8.468628e-04
9.169579e-04
8.895397e-04
7.710457e-04
8.869171e-04
9.384155e-04
8.029938e-04
9.231567e-04
9.298325e-04
7.765293e-04
8.842945e-04
7.617474e-04
7.722378e-04
7.703304e-04
8.809566e-04
9.207726e-04
7.767677e-04
8.404255e-04
8.335114e-04
9.078979e-04
8.792877e-04
9.000301e-04
7.724762e-04
8.976460e-04
8.306503e-04
7.741451e-04
7.784367e-04
8.838177e-04
7.793903e-04
8.723736e-04
8.761883e-04
8.769035e-04
9.269714e-04
8.285046e-04
8.554459e-04
7.729530e-04
7.753372e-04
8.139610e-04
8.735657e-04
9.176731e-04
8.850098e-04
8.873940e-04
8.795261e-04
9.193420e-04
8.895397e-04
9.171963e-04
9.169579e-04
1.003742e-03
8.919239e-04
8.816719e-04
9.219646e-04
7.786751e-04
8.769035e-04
9.121895e-04
9.067059e-04
8.044243e-04
8.904934e-04
7.755756e-04
9.269714e-04
8.802414e-04
9.152889e-04
8.108616e-04
8.938313e-04
9.386539e-04
8.969307e-04
9.114742e-04
7.724762e-04
8.277893e-04
8.962154e-04
7.810593e-04
8.976460e-04
8.420944e-04
8.668900e-04
8.807182e-04
8.862019e-04
9.226799e-04
7.703304e-04
8.251667e-04
7.624626e-04
8.058548e-04
8.857250e-04
9.212494e-04
7.722378e-04
9.360313e-04
9.243488e-04
9.047985e-04
9.005070e-04
1.015902e-03
7.688999e-04
8.511543e-04
9.126663e-04
8.068085e-04
9.195805e-04
9.169579e-04
7.755756e-04
8.900166e-04
7.853508e-04
8.790493e-04
8.881092e-04
8.327961e-04
8.599758e-04
8.783340e-04
9.093285e-04
8.826256e-04
7.855892e-04
8.838177e-04
9.186268e-04
7.853508e-04
7.753372e-04
1.001120e-03
8.254051e-04
8.842945e-04
9.150505e-04
8.385181e-04
8.761883e-04
7.629395e-04
9.274483e-04
9.202957e-04
7.743835e-04
8.478165e-04
7.693768e-04
7.843971e-04
8.807182e-04
8.790493e-04
7.793903e-04
8.606911e-04
7.736683e-04
8.893013e-04
8.833408e-04
9.140968e-04
9.114742e-04
8.909702e-04
7.948875e-04
9.195805e-04
8.883476e-04
8.792877e-04
8.745193e-04
7.715225e-04
8.840561e-04
8.008480e-04
8.778572e-04
7.700920e-04
8.890629e-04
8.509159e-04
8.485317e-04
9.994507e-04
8.399487e-04
9.117126e-04
8.857250e-04
7.669926e-04
8.771420e-04
9.164810e-04
8.563995e-04
7.688999e-04
1.732588e-03
8.108616e-04
7.801056e-04
8.552074e-04
9.052753e-04
9.183884e-04
7.643700e-04
9.868145e-04
8.795261e-04
8.275509e-04
8.087158e-04
9.453297e-04
8.828640e-04
7.741451e-04
9.021759e-04
9.174347e-04
8.473396e-04
8.738041e-04
8.318424e-04
7.832050e-04
8.935928e-04
9.174347e-04
7.717609e-04
7.839203e-04
7.779598e-04
8.723736e-04
7.486343e-04
9.224415e-04
8.699894e-04
8.220673e-04
9.169579e-04
8.847713e-04
9.124279e-04
8.919239e-04
9.052753e-04
7.650852e-04
8.563995e-04
7.975101e-04
8.895397e-04
8.959770e-04
8.738041e-04
7.715225e-04
7.715225e-04
9.534359e-04
8.795261e-04
1.035213e-03
7.958412e-04
8.797646e-04
7.650852e-04
8.091927e-04
8.373260e-04
7.770061e-04
8.854866e-04
8.845329e-04
7.774830e-04
8.819103e-04
7.994175e-04
8.864403e-04
8.997917e-04
9.007454e-04
7.433891e-04
8.800030e-04
9.162426e-04
9.028912e-04
8.735657e-04
8.606911e-04
7.681847e-04
9.372234e-04
7.712841e-04
8.680820e-04
8.976460e-04
9.217262e-04
7.719994e-04
9.040833e-04
8.797646e-04
9.262562e-04
8.308887e-04
9.198189e-04
8.039474e-04
8.869171e-04
7.660389e-04
7.734299e-04
8.816719e-04
8.811951e-04
9.367466e-04
8.845329e-04
7.719994e-04
8.800030e-04
7.894039e-04
8.633137e-04
8.816719e-04
9.181499e-04
8.914471e-04
7.677078e-04
9.212494e-04
8.745193e-04
7.998943e-04
8.721352e-04
8.022785e-04
8.864403e-04
7.650852e-04
8.709431e-04
8.161068e-04
8.850098e-04
8.859634e-04
8.807182e-04
8.640289e-04
7.708073e-04
8.862019e-04
7.817745e-04
8.742809e-04
9.210110e-04
8.709431e-04
8.807182e-04
8.044243e-04
8.602142e-04
7.729530e-04
7.729530e-04
7.712841e-04
8.871555e-04
1.010418e-03
7.727146e-04
9.379387e-04
7.646084e-04
9.224415e-04
7.753372e-04
8.385181e-04
9.024143e-04
8.046627e-04
8.738041e-04
9.078979e-04
9.131432e-04
9.090900e-04
1.007318e-03
8.771420e-04
9.107590e-04
9.090900e-04
7.629395e-04
7.641315e-04
8.509159e-04
8.351803e-04
8.912086e-04
7.755756e-04
8.995533e-04
7.655621e-04
9.372234e-04
8.738041e-04
8.335114e-04
8.118153e-04
8.885860e-04
8.842945e-04
8.382797e-04
7.879734e-04
8.769035e-04
8.614063e-04
8.633137e-04
9.005070e-04
7.839203e-04
8.158684e-04
7.746220e-04
7.951260e-04
7.896423e-04
7.808208e-04
8.716583e-04
8.847713e-04
8.809566e-04
7.753372e-04
7.822514e-04
7.741451e-04
8.835793e-04
9.009838e-04
9.088516e-04
7.634163e-04
7.755756e-04
8.540154e-04
7.879734e-04
9.326935e-04
8.008480e-04
8.683205e-04
7.822514e-04
8.797646e-04
9.429455e-04
1.039505e-03
8.640289e-04
7.686615e-04
8.778572e-04
9.169579e-04
8.087158e-04
8.711815e-04
8.554459e-04
9.160042e-04
9.219646e-04
7.688999e-04
8.766651e-04
8.828640e-04
8.771420e-04
8.795261e-04
7.753372e-04
7.719994e-04
8.740425e-04
7.812977e-04
7.805824e-04
8.513927e-04
7.610321e-04
9.675026e-04
7.863045e-04
8.871555e-04
7.836819e-04
8.745193e-04
8.175373e-04
8.864403e-04
8.444786e-04
9.193420e-04
8.242130e-04
8.878708e-04
8.764267e-04
9.231567e-04
8.878708e-04
7.681847e-04
8.754730e-04
7.739067e-04
8.766651e-04
9.145737e-04
8.661747e-04
7.781982e-04
9.222031e-04
8.456707e-04
8.862019e-04
7.920265e-04
9.281635e-04
7.548332e-04
7.832050e-04
7.739067e-04
8.716583e-04
9.198189e-04
9.167194e-04
7.832050e-04
7.829666e-04
8.082390e-04
8.788109e-04
8.714199e-04
8.049011e-04
7.736683e-04
8.857250e-04
8.826256e-04
8.313656e-04
9.441376e-04
9.100437e-04
9.124279e-04
9.028912e-04
8.263588e-04
8.690357e-04
8.783340e-04
8.378029e-04
7.758141e-04
7.824898e-04
8.518696e-04
8.075237e-04
8.912086e-04
7.982254e-04
9.071827e-04
9.262562e-04
8.857250e-04
9.210110e-04
8.742809e-04
9.133816e-04
8.907318e-04
8.225441e-04
8.502007e-04
8.513927e-04
8.704662e-04
8.869171e-04
9.143353e-04
8.380413e-04
7.760525e-04
9.009838e-04
8.807182e-04
7.693768e-04
7.703304e-04
8.063316e-04
7.705688e-04
8.893013e-04
8.833408e-04
8.866787e-04
9.191036e-04
8.819103e-04
8.091927e-04
8.862019e-04
9.322166e-04
7.739067e-04
8.747578e-04
8.549690e-04
7.750988e-04
8.394718e-04
9.205341e-04
7.839203e-04
8.771420e-04
8.807182e-04
8.749962e-04
8.411407e-04
9.033680e-04
9.150505e-04
7.538795e-04
8.733273e-04
7.865429e-04
8.816719e-04
9.112358e-04
9.005070e-04
8.156300e-04
7.686615e-04
8.447170e-04
8.811951e-04
7.717609e-04
8.525848e-04
8.764267e-04
9.281635e-04
9.205341e-04
1.011372e-03
8.535385e-04
8.761883e-04
8.890629e-04
9.050369e-04
8.020401e-04
8.127689e-04
7.834435e-04
8.773804e-04
9.014606e-04
8.728504e-04
7.767677e-04
7.979870e-04
8.285046e-04
8.866787e-04
7.858276e-04
8.230209e-04
7.712841e-04
8.840561e-04
7.610321e-04
8.516312e-04
8.594990e-04
8.885860e-04
8.797646e-04
7.708073e-04
8.087158e-04
7.681847e-04
8.864403e-04
9.067059e-04
9.577274e-04
9.148121e-04
9.157658e-04
7.600784e-04
8.454323e-04
9.989738e-04
9.446144e-04
8.313656e-04
8.833408e-04
8.218288e-04
8.864403e-04
8.285046e-04
8.003712e-04
9.064674e-04
1.017570e-03
8.966923e-04
8.816719e-04
