1.918793e-03
1.485348e-03
1.798391e-03
1.629353e-03
1.444340e-03
1.485825e-03
1.448631e-03
1.512289e-03
1.489401e-03
1.450539e-03
1.501322e-03
1.410484e-03
1.469135e-03
1.423120e-03
1.559973e-03
1.426458e-03
1.467943e-03
1.456022e-03
1.443148e-03
1.522064e-03
1.423120e-03
1.434088e-03
1.471996e-03
1.455069e-03
1.453400e-03
1.418352e-03
1.415968e-03
1.478910e-03
1.428127e-03
1.446486e-03
1.447201e-03
1.465082e-03
1.421213e-03
1.522064e-03
1.456022e-03
1.442432e-03
1.415491e-03
1.452446e-03
1.433849e-03
1.591444e-03
1.446724e-03
1.454592e-03
1.417160e-03
1.459360e-03
1.452446e-03
1.429796e-03
1.457453e-03
1.465559e-03
1.479864e-03
1.523018e-03
1.488209e-03
1.482248e-03
1.480579e-03
1.497269e-03
1.492739e-03
1.432657e-03
1.411915e-03
1.467466e-03
1.442194e-03
1.541615e-03
1.455069e-03
1.444101e-03
1.484156e-03
1.457214e-03
1.454830e-03
1.420021e-03
1.443386e-03
1.602411e-03
1.435757e-03
1.434803e-03
1.539230e-03
1.572847e-03
1.439810e-03
1.452923e-03
1.444340e-03
1.434803e-03
1.464128e-03
1.477957e-03
1.412153e-03
1.427174e-03
1.490593e-03
1.441479e-03
1.435518e-03
1.483202e-03
1.442432e-03
1.462221e-03
1.434565e-03
1.530886e-03
1.447916e-03
1.483202e-03
1.436949e-03
1.513004e-03
1.488686e-03
1.529217e-03
1.456499e-03
1.504898e-03
1.444578e-03
1.428366e-03
1.540899e-03
1.430273e-03
1.518965e-03
1.519442e-03
1.382589e-03
1.474380e-03
1.506805e-03
1.481056e-03
1.461029e-03
1.455307e-03
1.547813e-03
1.471996e-03
1.449823e-03
1.262903e-03
1.562834e-03
1.473665e-03
1.465082e-03
1.429558e-03
1.471758e-03
1.475573e-03
1.441479e-03
1.474619e-03
1.479387e-03
1.539707e-03
1.560688e-03
1.451015e-03
1.511574e-03
1.467228e-03
1.424789e-03
1.509190e-03
1.386404e-03
1.432180e-03
1.459122e-03
1.466751e-03
1.549482e-03
1.445770e-03
1.447439e-03
1.411438e-03
1.467228e-03
1.471043e-03
1.523018e-03
1.472950e-03
1.286030e-03
1.556396e-03
1.503706e-03
1.487970e-03
1.269817e-03
1.515865e-03
1.488209e-03
1.514673e-03
1.385927e-03
1.476526e-03
1.456022e-03
1.487494e-03
1.368046e-03
1.470089e-03
1.565218e-03
1.529217e-03
1.401663e-03
1.466751e-03
1.490355e-03
1.470804e-03
1.344681e-03
1.425743e-03
1.487732e-03
1.404524e-03
1.431465e-03
1.433611e-03
1.436472e-03
1.483679e-03
1.430273e-03
1.433372e-03
1.521587e-03
1.476049e-03
1.403570e-03
1.449823e-03
1.460075e-03
1.478434e-03
1.472712e-03
1.394987e-03
1.509905e-03
1.491547e-03
1.483202e-03
1.427174e-03
1.464844e-03
1.438141e-03
1.453638e-03
1.421928e-03
1.432896e-03
1.469135e-03
1.413584e-03
1.401663e-03
1.474380e-03
1.433611e-03
1.475096e-03
1.417398e-03
1.403332e-03
1.446247e-03
1.451254e-03
1.429319e-03
1.413107e-03
1.477718e-03
1.425266e-03
1.512051e-03
1.446009e-03
1.455784e-03
1.460314e-03
1.503229e-03
1.472235e-03
1.441717e-03
1.556635e-03
1.448631e-03
1.459360e-03
1.473904e-03
1.444578e-03
1.532078e-03
1.441717e-03
1.442194e-03
1.479149e-03
1.458883e-03
1.437902e-03
1.520395e-03
1.420736e-03
1.428604e-03
1.517773e-03
1.548767e-03
1.455307e-03
1.481771e-03
1.523018e-03
1.437426e-03
1.439571e-03
1.483679e-03
1.550913e-03
1.497984e-03
1.434565e-03
1.470089e-03
1.509666e-03
1.488209e-03
1.513481e-03
1.436234e-03
1.593828e-03
1.478910e-03
1.309872e-03
1.448631e-03
1.451969e-03
1.461506e-03
1.441479e-03
1.471281e-03
1.504421e-03
1.458645e-03
1.499176e-03
1.451015e-03
1.401424e-03
1.412392e-03
1.494169e-03
1.508236e-03
1.426220e-03
1.434803e-03
1.511812e-03
1.559019e-03
1.402855e-03
1.431704e-03
1.428127e-03
1.458168e-03
1.518011e-03
1.451492e-03
1.449347e-03
1.467466e-03
1.508474e-03
1.488686e-03
1.439810e-03
1.476288e-03
1.450777e-03
1.494646e-03
1.464128e-03
1.467943e-03
1.525879e-03
1.459599e-03
1.397610e-03
1.489639e-03
1.433611e-03
1.466036e-03
1.425982e-03
1.521111e-03
1.464367e-03
1.557350e-03
1.541853e-03
1.444101e-03
1.448631e-03
1.474142e-03
1.445055e-03
1.287699e-03
1.487732e-03
1.449585e-03
1.466990e-03
1.512766e-03
1.485586e-03
1.469612e-03
1.445055e-03
1.440048e-03
1.484871e-03
1.448870e-03
1.466751e-03
1.518011e-03
1.447201e-03
1.447678e-03
1.504421e-03
1.502752e-03
1.441240e-03
1.452208e-03
1.471996e-03
1.478195e-03
1.416683e-03
1.429081e-03
1.487494e-03
1.435280e-03
1.437902e-03
1.577139e-03
1.461029e-03
1.424551e-03
1.441479e-03
1.431465e-03
1.481056e-03
1.440287e-03
1.456261e-03
1.455784e-03
1.462460e-03
1.472950e-03
1.453638e-03
1.415014e-03
1.463652e-03
1.575708e-03
1.484394e-03
1.440048e-03
1.425266e-03
1.472950e-03
1.481056e-03
1.477242e-03
1.474619e-03
1.471519e-03
1.469135e-03
1.461029e-03
1.443148e-03
1.400709e-03
1.467228e-03
1.440525e-03
1.479864e-03
1.638174e-03
1.545429e-03
1.410723e-03
1.407623e-03
1.432896e-03
1.426458e-03
1.469374e-03
1.510382e-03
1.460075e-03
1.457453e-03
1.407862e-03
1.466751e-03
1.467466e-03
1.446962e-03
1.472473e-03
1.480579e-03
1.473188e-03
1.418829e-03
1.488447e-03
1.500368e-03
1.477242e-03
1.494884e-03
1.425982e-03
1.484871e-03
1.514196e-03
1.476288e-03
1.456022e-03
1.502037e-03
1.476049e-03
1.483679e-03
1.449823e-03
1.504898e-03
1.487732e-03
1.431227e-03
1.430988e-03
1.472950e-03
1.431465e-03
1.442909e-03
1.502752e-03
1.461506e-03
1.493216e-03
1.452446e-03
1.475573e-03
1.431227e-03
1.413822e-03
1.461506e-03
1.479387e-03
1.473665e-03
1.444101e-03
1.448393e-03
1.528978e-03
1.451492e-03
1.450062e-03
1.428604e-03
1.478910e-03
1.421928e-03
1.447439e-03
1.475334e-03
1.490355e-03
1.456738e-03
1.561880e-03
1.486063e-03
1.468658e-03
1.443386e-03
1.469612e-03
1.410484e-03
1.445770e-03
1.456738e-03
1.602888e-03
1.436472e-03
1.404524e-03
1.471519e-03
1.416683e-03
1.479149e-03
1.426458e-03
1.594305e-03
1.451731e-03
1.477480e-03
1.429796e-03
1.490355e-03
1.439571e-03
1.417398e-03
1.499176e-03
1.421690e-03
1.420498e-03
1.629353e-03
1.423120e-03
1.482010e-03
1.407385e-03
1.428604e-03
1.394033e-03
1.425028e-03
1.395464e-03
1.473188e-03
1.468658e-03
1.575470e-03
1.578808e-03
1.421452e-03
1.461267e-03
1.419544e-03
1.425743e-03
1.524687e-03
1.396656e-03
1.411676e-03
1.458883e-03
1.439810e-03
1.427650e-03
1.593351e-03
1.433134e-03
1.612186e-03
1.470566e-03
1.437187e-03
1.445770e-03
1.412392e-03
1.479626e-03
1.468897e-03
1.456976e-03
1.610994e-03
1.487732e-03
1.488686e-03
1.411915e-03
1.471519e-03
1.434326e-03
1.479626e-03
1.413107e-03
1.425743e-03
1.564264e-03
1.478910e-03
1.431942e-03
1.441717e-03
1.410484e-03
1.417398e-03
1.486540e-03
1.515865e-03
1.465559e-03
1.429081e-03
1.487732e-03
1.442432e-03
1.525402e-03
1.399040e-03
1.480341e-03
1.431465e-03
1.434803e-03
1.398563e-03
1.422882e-03
1.431942e-03
1.429081e-03
1.479864e-03
1.472950e-03
1.445055e-03
1.425028e-03
1.425743e-03
1.460552e-03
1.460314e-03
1.443148e-03
1.489162e-03
1.462460e-03
1.474619e-03
1.433849e-03
1.429081e-03
1.480103e-03
1.500130e-03
1.390934e-03
1.433849e-03
1.419544e-03
1.594543e-03
1.441002e-03
1.431704e-03
1.464128e-03
1.423359e-03
1.497507e-03
1.435757e-03
1.438856e-03
1.449585e-03
1.456022e-03
1.481056e-03
1.464605e-03
1.578093e-03
1.516342e-03
1.474857e-03
1.453161e-03
1.459599e-03
1.486778e-03
1.428604e-03
1.549959e-03
1.474619e-03
1.410246e-03
1.462936e-03
1.414537e-03
1.447678e-03
1.484156e-03
1.445293e-03
1.413822e-03
1.461744e-03
1.430988e-03
1.395226e-03
1.418352e-03
1.455069e-03
1.487732e-03
1.480818e-03
1.446247e-03
1.473665e-03
1.421452e-03
1.437902e-03
1.446009e-03
1.482487e-03
1.542807e-03
1.456261e-03
1.431704e-03
1.449823e-03
1.540899e-03
1.428366e-03
1.443386e-03
1.489401e-03
1.471996e-03
1.410723e-03
1.392126e-03
1.470566e-03
1.498461e-03
1.445770e-03
1.470566e-03
1.494884e-03
1.479149e-03
1.459360e-03
1.390457e-03
1.472473e-03
1.488209e-03
1.489878e-03
1.417637e-03
1.476526e-03
1.414061e-03
1.446486e-03
1.522303e-03
1.395226e-03
1.496553e-03
1.425743e-03
1.441240e-03
1.455307e-03
1.490355e-03
1.431465e-03
1.449108e-03
1.510143e-03
1.409531e-03
1.477003e-03
1.427889e-03
1.537800e-03
1.445532e-03
1.439810e-03
1.476765e-03
1.537323e-03
1.443148e-03
1.439095e-03
1.420259e-03
1.422167e-03
1.431227e-03
1.461983e-03
1.415014e-03
1.463175e-03
1.480103e-03
1.482725e-03
1.419544e-03
1.462936e-03
1.461506e-03
1.506805e-03
1.472235e-03
1.437187e-03
1.429319e-03
1.478672e-03
1.412868e-03
1.464605e-03
1.401901e-03
1.389742e-03
1.428366e-03
1.436472e-03
1.456499e-03
1.423120e-03
1.439810e-03
1.486301e-03
1.507282e-03
1.445770e-03
1.467228e-03
1.458645e-03
1.452684e-03
1.432896e-03
1.459360e-03
1.438618e-03
1.512051e-03
1.425028e-03
1.448631e-03
1.485348e-03
1.520157e-03
1.452446e-03
1.481295e-03
1.457691e-03
1.457214e-03
1.449823e-03
1.456738e-03
1.442432e-03
1.467705e-03
1.395702e-03
1.457453e-03
1.428604e-03
1.476765e-03
1.303434e-03
1.453161e-03
1.452684e-03
1.445770e-03
1.388311e-03
1.448631e-03
1.498699e-03
1.522303e-03
1.378298e-03
1.426697e-03
1.571894e-03
1.460791e-03
1.479626e-03
1.455784e-03
1.434088e-03
1.414299e-03
1.439333e-03
1.486778e-03
1.434326e-03
1.429796e-03
1.404047e-03
1.402140e-03
1.462460e-03
1.466274e-03
1.407385e-03
1.410723e-03
1.515627e-03
1.449347e-03
1.423836e-03
1.459360e-03
1.469851e-03
1.438379e-03
1.441717e-03
1.379013e-03
1.477003e-03
1.506090e-03
1.451969e-03
1.426697e-03
1.464128e-03
1.443863e-03
1.489162e-03
1.517057e-03
1.519442e-03
1.449585e-03
1.470089e-03
1.553535e-03
1.481056e-03
1.475334e-03
1.507759e-03
1.452923e-03
1.475811e-03
1.438379e-03
1.476049e-03
1.513720e-03
1.477003e-03
1.428604e-03
1.436710e-03
1.510859e-03
1.455784e-03
1.439095e-03
1.483917e-03
1.335382e-03
1.514196e-03
1.447201e-03
1.497507e-03
1.470804e-03
1.446724e-03
1.495838e-03
1.469612e-03
1.432419e-03
1.484632e-03
1.474857e-03
1.439571e-03
1.392603e-03
1.444101e-03
1.458645e-03
1.482725e-03
1.448393e-03
1.489878e-03
1.513720e-03
1.443863e-03
1.423836e-03
1.448870e-03
1.496315e-03
1.496792e-03
1.401663e-03
1.477957e-03
1.448870e-03
1.561165e-03
1.485586e-03
1.492262e-03
1.490831e-03
1.452684e-03
1.437426e-03
1.529694e-03
1.445532e-03
1.488209e-03
1.487255e-03
1.504421e-03
1.493692e-03
1.442671e-03
1.483440e-03
1.451254e-03
1.472235e-03
1.452208e-03
1.477242e-03
1.547098e-03
1.449823e-03
1.476526e-03
1.478434e-03
1.461506e-03
1.490831e-03
1.415730e-03
1.457453e-03
1.467466e-03
1.494169e-03
1.451969e-03
1.512289e-03
1.428604e-03
1.460314e-03
1.449108e-03
1.471281e-03
1.426935e-03
1.477003e-03
1.452208e-03
1.476049e-03
1.430035e-03
1.478672e-03
1.469612e-03
1.459122e-03
1.434565e-03
1.456499e-03
1.501083e-03
1.525164e-03
1.442194e-03
1.520872e-03
1.523972e-03
1.461506e-03
1.439333e-03
1.461983e-03
1.486540e-03
1.444817e-03
1.405239e-03
1.471996e-03
1.439810e-03
1.451969e-03
1.450062e-03
1.497507e-03
1.481771e-03
1.473904e-03
1.440763e-03
1.482487e-03
1.462936e-03
1.473665e-03
1.480341e-03
1.529932e-03
1.440525e-03
1.502752e-03
1.461506e-03
1.490831e-03
1.478434e-03
1.497746e-03
1.441956e-03
1.446962e-03
1.473904e-03
1.453161e-03
1.477957e-03
1.471043e-03
1.483917e-03
1.445770e-03
1.466990e-03
1.473427e-03
1.519680e-03
1.685858e-03
1.432419e-03
1.494884e-03
1.509666e-03
1.471519e-03
1.420259e-03
1.514673e-03
1.449823e-03
1.492023e-03
1.414776e-03
1.459837e-03
1.576662e-03
1.471043e-03
1.476288e-03
1.467943e-03
1.466274e-03
1.485825e-03
1.549482e-03
1.470804e-03
1.404285e-03
1.479387e-03
1.540422e-03
1.469135e-03
1.443148e-03
1.471758e-03
1.446962e-03
1.430988e-03
1.448631e-03
1.457453e-03
1.461983e-03
1.519680e-03
1.484632e-03
1.496792e-03
1.508713e-03
1.395464e-03
1.489401e-03
1.458645e-03
1.454353e-03
1.403093e-03
1.502275e-03
1.488209e-03
1.506090e-03
1.438141e-03
1.503944e-03
1.616716e-03
1.468658e-03
1.398087e-03
1.437664e-03
1.486778e-03
1.540899e-03
1.457930e-03
1.460552e-03
1.480579e-03
1.449585e-03
1.449823e-03
1.551867e-03
1.487017e-03
1.456022e-03
1.563311e-03
1.508713e-03
1.438379e-03
1.476526e-03
1.443863e-03
1.453876e-03
1.441240e-03
1.432180e-03
1.401424e-03
1.480103e-03
1.418352e-03
1.464367e-03
1.395464e-03
1.476765e-03
1.507759e-03
1.442432e-03
1.432180e-03
1.456022e-03
1.471519e-03
1.443148e-03
1.439095e-03
1.459599e-03
1.494408e-03
1.451969e-03
1.451969e-03
1.561165e-03
1.437187e-03
1.458883e-03
1.459837e-03
1.507759e-03
1.442909e-03
1.522064e-03
1.565218e-03
1.457214e-03
1.451254e-03
1.457691e-03
1.418114e-03
1.446724e-03
1.459837e-03
1.442671e-03
1.522064e-03
1.419067e-03
1.576185e-03
1.450300e-03
1.496792e-03
1.479387e-03
1.438856e-03
1.443624e-03
1.514435e-03
1.441479e-03
1.478434e-03
1.584768e-03
1.455069e-03
1.529455e-03
1.424789e-03
1.405001e-03
1.480818e-03
1.462460e-03
1.458168e-03
1.443624e-03
1.535892e-03
1.451015e-03
1.430035e-03
1.490116e-03
1.440525e-03
1.560688e-03
1.446247e-03
1.455069e-03
1.483917e-03
1.461744e-03
1.469135e-03
1.442432e-03
1.448631e-03
1.463890e-03
1.434565e-03
1.471996e-03
1.446486e-03
1.480103e-03
1.371622e-03
1.435518e-03
1.511335e-03
1.507759e-03
1.420021e-03
1.448154e-03
1.461744e-03
1.490593e-03
1.469612e-03
1.472473e-03
1.463413e-03
1.499414e-03
1.453161e-03
1.492023e-03
1.413584e-03
1.483679e-03
1.427174e-03
1.476049e-03
1.503944e-03
1.567364e-03
1.398563e-03
1.507044e-03
1.467228e-03
1.443863e-03
1.437902e-03
1.513958e-03
1.487494e-03
1.478434e-03
1.381159e-03
1.472950e-03
1.461983e-03
1.424313e-03
1.484871e-03
1.448870e-03
1.417637e-03
1.452923e-03
1.622677e-03
1.463652e-03
1.487494e-03
1.467466e-03
1.447439e-03
1.430035e-03
1.476765e-03
