5.326271e-04
4.656315e-04
4.556179e-04
5.505085e-04
4.820824e-04
4.644394e-04
4.932880e-04
4.358292e-04
6.136894e-04
4.870892e-04
4.839897e-04
6.077290e-04
6.248951e-04
5.090237e-04
4.899502e-04
5.714893e-04
4.575253e-04
7.095337e-04
4.806519e-04
5.433559e-04
6.387234e-04
4.670620e-04
4.930496e-04
4.808903e-04
5.578995e-04
6.513596e-04
6.792545e-04
6.084442e-04
4.515648e-04
5.068779e-04
6.868839e-04
4.665852e-04
4.546642e-04
5.712509e-04
4.963875e-04
6.010532e-04
4.246235e-04
5.810261e-04
4.677773e-04
6.256104e-04
4.565716e-04
6.768703e-04
6.039143e-04
4.258156e-04
4.453659e-04
4.785061e-04
6.647110e-04
4.854202e-04
4.367828e-04
5.936623e-04
4.022121e-04
5.872250e-04
4.296303e-04
6.148815e-04
5.981922e-04
4.377365e-04
6.866455e-04
5.061626e-04
4.925728e-04
5.700588e-04
5.998611e-04
4.801750e-04
4.503727e-04
5.300045e-04
6.079674e-04
6.549358e-04
4.744530e-04
5.655289e-04
5.562305e-04
4.227161e-04
4.422665e-04
5.745888e-04
4.360676e-04
5.104542e-04
4.875660e-04
5.724430e-04
5.869865e-04
4.281998e-04
4.351139e-04
5.769730e-04
4.329681e-04
6.656647e-04
4.301071e-04
4.739761e-04
4.801750e-04
4.770756e-04
6.289482e-04
5.910397e-04
4.096031e-04
4.661083e-04
6.830692e-04
4.801750e-04
5.562305e-04
4.158020e-04
4.920959e-04
6.694794e-04
5.908012e-04
6.554127e-04
4.873276e-04
5.671978e-04
4.837513e-04
7.097721e-04
4.725456e-04
5.106926e-04
4.405975e-04
5.805492e-04
4.858971e-04
5.941391e-04
6.723404e-04
5.033016e-04
4.875660e-04
5.602837e-04
4.432201e-04
4.229546e-04
4.460812e-04
6.690025e-04
4.260540e-04
5.772114e-04
4.880428e-04
5.939007e-04
4.470348e-04
4.770756e-04
6.926060e-04
5.505085e-04
6.904602e-04
4.224777e-04
6.792545e-04
6.861687e-04
6.477833e-04
4.668236e-04
4.911423e-04
4.329681e-04
5.459785e-04
4.668236e-04
4.158020e-04
6.008148e-04
5.934238e-04
4.670620e-04
6.625652e-04
5.600452e-04
4.200935e-04
4.892349e-04
4.706383e-04
6.141663e-04
4.448891e-04
5.125999e-04
4.456043e-04
4.804134e-04
4.708767e-04
6.763935e-04
4.823208e-04
4.405975e-04
5.559921e-04
4.670620e-04
4.637241e-04
4.262924e-04
5.908012e-04
5.984306e-04
4.255772e-04
4.842281e-04
4.727840e-04
7.030964e-04
4.580021e-04
5.712509e-04
5.943775e-04
4.258156e-04
4.863739e-04
6.210804e-04
5.702972e-04
4.806519e-04
4.227161e-04
6.451607e-04
6.384850e-04
4.656315e-04
4.894733e-04
3.955364e-04
6.699562e-04
6.325245e-04
6.794930e-04
4.742146e-04
5.795956e-04
4.196167e-04
4.773140e-04
4.642010e-04
5.555153e-04
4.663467e-04
6.759167e-04
4.673004e-04
5.972385e-04
3.762245e-04
5.981922e-04
4.231930e-04
5.199909e-04
4.098415e-04
5.905628e-04
4.925728e-04
4.327297e-04
6.175041e-04
5.681515e-04
4.093647e-04
3.802776e-04
4.634857e-04
6.742477e-04
4.880428e-04
5.743504e-04
5.676746e-04
4.258156e-04
4.470348e-04
3.693104e-04
6.005764e-04
5.114079e-04
4.904270e-04
7.033348e-04
6.623268e-04
5.972385e-04
4.889965e-04
4.081726e-04
4.334450e-04
4.334450e-04
3.886223e-04
6.067753e-04
4.646778e-04
4.765987e-04
4.248619e-04
5.676746e-04
4.198551e-04
5.939007e-04
7.236004e-04
5.764961e-04
4.260540e-04
4.675388e-04
7.307529e-04
6.141663e-04
4.408360e-04
3.833771e-04
4.892349e-04
4.258156e-04
5.774498e-04
4.780293e-04
4.670620e-04
6.601810e-04
4.043579e-04
5.705357e-04
4.324913e-04
4.429817e-04
4.184246e-04
6.048679e-04
4.251003e-04
4.918575e-04
6.871223e-04
5.128384e-04
4.875660e-04
4.527569e-04
5.743504e-04
4.129410e-04
4.639626e-04
6.709099e-04
5.807877e-04
4.746914e-04
4.758835e-04
6.103516e-04
4.906654e-04
4.732609e-04
4.391670e-04
4.484653e-04
5.636215e-04
6.148815e-04
4.436970e-04
3.802776e-04
5.874634e-04
7.128716e-04
4.961491e-04
4.603863e-04
6.067753e-04
4.689693e-04
4.878044e-04
5.643368e-04
4.470348e-04
4.060268e-04
3.643036e-04
4.451275e-04
4.563332e-04
6.806850e-04
4.627705e-04
5.841255e-04
4.594326e-04
5.776882e-04
7.224083e-04
6.635189e-04
5.800724e-04
4.651546e-04
6.849766e-04
4.727840e-04
4.432201e-04
4.699230e-04
4.682541e-04
6.554127e-04
4.403591e-04
6.117821e-04
4.873276e-04
4.565716e-04
5.648136e-04
4.696846e-04
7.300377e-04
6.139278e-04
5.803108e-04
4.658699e-04
6.122589e-04
5.655289e-04
4.229546e-04
4.677773e-04
4.961491e-04
5.767345e-04
6.730556e-04
5.073547e-04
4.887581e-04
5.726814e-04
4.553795e-04
4.630089e-04
6.942749e-04
3.852844e-04
3.879070e-04
4.754066e-04
7.164478e-04
5.955696e-04
5.140305e-04
4.906654e-04
4.367828e-04
5.667210e-04
5.629063e-04
7.052422e-04
4.911423e-04
5.879402e-04
4.165173e-04
4.687309e-04
6.797314e-04
6.976128e-04
6.325245e-04
4.701614e-04
4.093647e-04
5.664825e-04
5.946159e-04
4.765987e-04
4.589558e-04
5.724430e-04
6.649494e-04
4.658699e-04
6.682873e-04
4.224777e-04
5.407333e-04
3.786087e-04
4.873276e-04
6.792545e-04
5.970001e-04
6.232262e-04
6.766319e-04
4.498959e-04
3.845692e-04
5.607605e-04
6.530285e-04
4.274845e-04
5.927086e-04
4.682541e-04
5.228519e-04
5.893707e-04
5.180836e-04
5.145073e-04
4.832745e-04
4.131794e-04
6.752014e-04
7.069111e-04
4.649162e-04
5.543232e-04
3.902912e-04
6.313324e-04
4.169941e-04
4.463196e-04
5.726814e-04
4.608631e-04
4.136562e-04
4.200935e-04
4.243851e-04
4.673004e-04
4.878044e-04
4.849434e-04
5.939007e-04
5.152225e-04
4.918575e-04
4.007816e-04
3.900528e-04
4.668236e-04
4.811287e-04
5.588531e-04
4.062653e-04
5.118847e-04
4.901886e-04
4.444122e-04
5.750656e-04
7.061958e-04
4.866123e-04
4.303455e-04
5.702972e-04
4.234314e-04
7.250309e-04
6.966591e-04
6.425381e-04
4.835129e-04
5.857944e-04
6.079674e-04
6.647110e-04
7.147789e-04
4.572868e-04
6.747246e-04
6.010532e-04
5.848408e-04
5.955696e-04
6.890297e-04
4.372597e-04
5.719662e-04
5.788803e-04
6.635189e-04
4.816055e-04
5.719662e-04
4.642010e-04
4.711151e-04
6.909370e-04
6.558895e-04
5.786419e-04
6.318092e-04
3.833771e-04
4.756451e-04
4.670620e-04
4.179478e-04
3.948212e-04
6.098747e-04
6.697178e-04
5.755424e-04
4.570484e-04
4.186630e-04
5.795956e-04
6.685257e-04
6.852150e-04
5.788803e-04
4.649162e-04
4.858971e-04
5.917549e-04
4.439354e-04
5.857944e-04
4.634857e-04
5.917549e-04
4.334450e-04
5.958080e-04
5.054474e-04
5.767345e-04
5.819798e-04
4.613400e-04
6.985664e-04
5.369186e-04
4.441738e-04
5.955696e-04
4.708767e-04
5.829334e-04
4.127026e-04
7.081032e-04
5.283356e-04
5.717278e-04
6.141663e-04
7.076263e-04
7.388592e-04
5.712509e-04
5.679131e-04
4.363060e-04
7.314682e-04
5.786419e-04
7.045269e-04
4.670620e-04
4.370213e-04
4.980564e-04
6.158352e-04
7.193089e-04
4.639626e-04
5.891323e-04
4.203320e-04
4.613400e-04
4.155636e-04
4.048347e-04
3.695488e-04
4.696846e-04
4.777908e-04
6.754398e-04
4.546642e-04
5.979538e-04
4.198551e-04
5.269051e-04
5.955696e-04
4.720688e-04
6.806850e-04
5.614758e-04
4.467964e-04
4.169941e-04
7.202625e-04
4.482269e-04
6.637573e-04
4.801750e-04
5.800724e-04
6.706715e-04
4.875660e-04
6.122589e-04
4.620552e-04
4.682541e-04
4.746914e-04
4.918575e-04
4.236698e-04
6.015301e-04
4.680157e-04
4.839897e-04
6.835461e-04
5.819798e-04
4.651546e-04
4.811287e-04
5.681515e-04
5.567074e-04
5.924702e-04
6.687641e-04
4.985332e-04
3.936291e-04
4.642010e-04
4.749298e-04
5.991459e-04
3.955364e-04
4.670620e-04
6.599426e-04
4.098415e-04
4.642010e-04
4.661083e-04
6.785393e-04
3.988743e-04
5.857944e-04
5.087852e-04
7.457733e-04
4.627705e-04
6.880760e-04
4.365444e-04
6.752014e-04
4.091263e-04
4.315376e-04
4.131794e-04
4.875660e-04
3.936291e-04
5.960464e-04
4.696846e-04
4.467964e-04
6.570816e-04
4.358292e-04
4.646778e-04
4.673004e-04
6.203651e-04
4.436970e-04
5.793571e-04
4.129410e-04
3.905296e-04
4.463196e-04
7.107258e-04
5.207062e-04
6.732941e-04
4.804134e-04
5.843639e-04
4.599094e-04
4.069805e-04
4.708767e-04
4.618168e-04
4.906654e-04
5.722046e-04
4.470348e-04
4.391670e-04
4.599094e-04
6.182194e-04
4.615784e-04
4.787445e-04
4.782677e-04
4.470348e-04
4.615784e-04
7.352829e-04
4.637241e-04
4.239082e-04
5.683899e-04
5.924702e-04
4.365444e-04
4.000664e-04
6.849766e-04
3.962517e-04
4.308224e-04
4.496574e-04
5.936623e-04
5.109310e-04
4.198551e-04
4.138947e-04
4.503727e-04
4.646778e-04
4.169941e-04
4.646778e-04
4.580021e-04
5.707741e-04
4.611015e-04
4.041195e-04
6.151199e-04
4.665852e-04
6.670952e-04
4.200935e-04
6.151199e-04
4.270077e-04
4.780293e-04
4.434586e-04
3.967285e-04
5.970001e-04
5.078316e-04
6.916523e-04
4.096031e-04
5.815029e-04
4.868507e-04
4.453659e-04
5.884171e-04
4.091263e-04
4.589558e-04
4.472733e-04
4.677773e-04
5.862713e-04
4.837513e-04
4.508495e-04
4.134178e-04
5.652905e-04
6.821156e-04
4.506111e-04
5.652905e-04
4.739761e-04
4.811287e-04
4.689693e-04
4.649162e-04
4.708767e-04
4.158020e-04
5.524158e-04
4.138947e-04
6.155968e-04
4.403591e-04
4.024506e-04
3.867149e-04
6.127357e-04
7.412434e-04
7.207394e-04
6.904602e-04
5.047321e-04
4.634857e-04
4.272461e-04
3.995895e-04
7.021427e-04
4.875660e-04
3.974438e-04
5.874634e-04
4.873276e-04
4.870892e-04
4.732609e-04
4.479885e-04
5.908012e-04
5.114079e-04
4.880428e-04
4.603863e-04
4.720688e-04
6.771088e-04
5.140305e-04
5.760193e-04
5.855560e-04
4.518032e-04
4.849434e-04
4.966259e-04
6.844997e-04
5.071163e-04
4.911423e-04
4.239082e-04
4.231930e-04
4.675388e-04
3.995895e-04
4.165173e-04
3.864765e-04
4.749298e-04
7.071495e-04
5.428791e-04
6.132126e-04
4.715919e-04
4.606247e-04
6.880760e-04
6.875992e-04
4.723072e-04
4.441738e-04
5.755424e-04
4.289150e-04
6.740093e-04
6.682873e-04
6.060600e-04
4.813671e-04
4.680157e-04
5.640984e-04
4.439354e-04
6.916523e-04
7.367134e-04
4.601479e-04
5.717278e-04
5.996227e-04
5.052090e-04
7.386208e-04
6.849766e-04
4.339218e-04
5.779266e-04
5.223751e-04
5.121231e-04
5.924702e-04
5.757809e-04
4.646778e-04
6.799698e-04
6.704330e-04
5.385876e-04
4.715919e-04
4.272461e-04
4.229546e-04
7.081032e-04
4.847050e-04
5.271435e-04
6.909370e-04
4.644394e-04
4.847050e-04
4.549026e-04
4.920959e-04
7.104874e-04
3.831387e-04
4.243851e-04
5.879402e-04
5.960464e-04
4.694462e-04
4.768372e-04
4.465580e-04
4.649162e-04
7.157326e-04
4.341602e-04
5.848408e-04
5.908012e-04
6.258488e-04
4.863739e-04
4.506111e-04
5.824566e-04
4.403591e-04
4.272461e-04
6.246567e-04
4.684925e-04
4.611015e-04
4.341602e-04
5.960464e-04
6.630421e-04
4.601479e-04
4.880428e-04
5.781651e-04
4.138947e-04
6.368160e-04
6.325245e-04
4.639626e-04
6.816387e-04
4.749298e-04
7.627010e-04
6.210804e-04
5.018711e-04
7.157326e-04
4.575253e-04
5.834103e-04
6.709099e-04
6.232262e-04
6.773472e-04
6.895065e-04
6.661415e-04
5.891323e-04
6.546974e-04
4.451275e-04
6.148815e-04
4.770756e-04
4.858971e-04
4.274845e-04
4.465580e-04
7.119179e-04
4.339218e-04
6.902218e-04
4.172325e-04
6.334782e-04
4.837513e-04
6.914139e-04
6.647110e-04
5.879402e-04
4.811287e-04
4.444122e-04
4.441738e-04
8.337498e-04
5.857944e-04
6.623268e-04
4.680157e-04
6.005764e-04
4.026890e-04
4.477501e-04
6.248951e-04
4.746914e-04
4.746914e-04
6.768703e-04
6.811619e-04
4.832745e-04
4.744530e-04
4.475117e-04
4.651546e-04
7.140636e-04
4.303455e-04
5.805492e-04
4.103184e-04
6.299019e-04
6.704330e-04
4.608631e-04
6.036758e-04
5.850792e-04
6.608963e-04
4.134178e-04
5.960464e-04
6.744862e-04
4.768372e-04
6.697178e-04
5.822182e-04
6.606579e-04
4.851818e-04
4.618168e-04
6.847382e-04
4.339218e-04
4.758835e-04
6.635189e-04
4.618168e-04
5.860329e-04
6.606579e-04
5.960464e-04
4.174709e-04
6.370544e-04
5.917549e-04
4.620552e-04
4.549026e-04
4.334450e-04
4.618168e-04
4.138947e-04
4.720688e-04
4.377365e-04
4.303455e-04
5.931854e-04
5.877018e-04
4.575253e-04
4.069805e-04
5.857944e-04
4.825592e-04
4.401207e-04
4.649162e-04
4.706383e-04
4.870892e-04
5.762577e-04
4.403591e-04
4.060268e-04
4.279613e-04
6.825924e-04
4.367828e-04
3.936291e-04
4.677773e-04
4.918575e-04
7.278919e-04
5.090237e-04
4.646778e-04
4.472733e-04
5.648136e-04
5.142689e-04
7.083416e-04
4.570484e-04
5.886555e-04
5.583763e-04
5.843639e-04
7.338524e-04
4.649162e-04
6.875992e-04
4.692078e-04
4.637241e-04
6.096363e-04
5.390644e-04
7.195473e-04
4.503727e-04
5.850792e-04
6.670952e-04
7.102489e-04
4.639626e-04
4.515648e-04
4.420280e-04
3.907681e-04
6.723404e-04
6.058216e-04
6.840229e-04
4.818439e-04
3.964901e-04
3.838539e-04
3.969669e-04
4.663467e-04
4.768372e-04
5.970001e-04
4.360676e-04
6.260872e-04
4.990101e-04
5.123615e-04
6.055832e-04
5.726814e-04
4.870892e-04
5.993843e-04
6.873608e-04
4.746914e-04
4.377365e-04
5.927086e-04
5.786419e-04
7.104874e-04
4.990101e-04
4.205704e-04
5.948544e-04
4.644394e-04
5.297661e-04
5.996227e-04
5.817413e-04
5.760193e-04
4.918575e-04
5.362034e-04
5.824566e-04
7.112026e-04
4.591942e-04
6.034374e-04
5.879402e-04
7.417202e-04
4.818439e-04
5.922318e-04
4.270077e-04
5.962849e-04
4.537106e-04
6.327629e-04
4.487038e-04
4.277229e-04
4.675388e-04
6.737709e-04
5.953312e-04
7.119179e-04
4.816055e-04
4.267693e-04
5.989075e-04
6.132126e-04
4.713535e-04
6.680489e-04
4.677773e-04
4.675388e-04
4.098415e-04
4.453659e-04
6.875992e-04
7.119179e-04
3.848076e-04
4.446507e-04
6.024837e-04
5.259514e-04
6.816387e-04
5.822182e-04
6.563663e-04
4.439354e-04
4.973412e-04
4.990101e-04
4.105568e-04
4.723072e-04
4.868507e-04
4.091263e-04
4.549026e-04
5.834103e-04
6.868839e-04
5.590916e-04
5.846024e-04
4.448891e-04
4.959106e-04
5.381107e-04
4.544258e-04
4.673004e-04
4.904270e-04
4.587173e-04
5.960464e-04
5.350113e-04
7.383823e-04
4.580021e-04
4.203320e-04
4.763603e-04
4.849434e-04
3.988743e-04
4.143715e-04
6.785393e-04
3.931522e-04
5.824566e-04
5.249977e-04
7.195473e-04
