1.815995e+00
1.812790e+00
1.813142e+00
1.813004e+00
1.812529e+00
1.812486e+00
1.812231e+00
1.812499e+00
1.812318e+00
1.812383e+00
1.812176e+00
1.812525e+00
1.812343e+00
1.812437e+00
1.812244e+00
1.812246e+00
1.812626e+00
1.812104e+00
1.812564e+00
1.812153e+00
1.812661e+00
1.812609e+00
1.812382e+00
1.812803e+00
1.812500e+00
1.812706e+00
1.812283e+00
1.812134e+00
1.812488e+00
1.812620e+00
1.812620e+00
1.812869e+00
1.812369e+00
1.812683e+00
1.812467e+00
1.812741e+00
1.812080e+00
1.811077e+00
1.810359e+00
1.812096e+00
1.811617e+00
1.812012e+00
1.811855e+00
1.811187e+00
1.812352e+00
1.811362e+00
1.812442e+00
1.813938e+00
1.813617e+00
1.813406e+00
1.812601e+00
1.813515e+00
1.813163e+00
1.812651e+00
1.812692e+00
1.812497e+00
1.812848e+00
1.812652e+00
1.812955e+00
1.812825e+00
1.818486e+00
1.827560e+00
1.827574e+00
1.826807e+00
1.826295e+00
1.827191e+00
1.826031e+00
1.825594e+00
1.825483e+00
1.825889e+00
1.825414e+00
1.825421e+00
1.825315e+00
1.825450e+00
1.825106e+00
1.829978e+00
1.845347e+00
1.844823e+00
1.844952e+00
1.844932e+00
1.844440e+00
1.844776e+00
1.844675e+00
1.849239e+00
1.861008e+00
1.860679e+00
