3.634794e+00
3.631139e+00
3.632594e+00
3.641556e+00
3.631089e+00
3.632535e+00
3.630802e+00
3.631996e+00
3.632100e+00
3.632411e+00
3.630718e+00
3.631676e+00
3.632266e+00
3.633269e+00
3.632605e+00
3.630695e+00
3.640884e+00
3.636301e+00
3.632060e+00
3.631752e+00
3.630796e+00
3.631796e+00
3.645877e+00
3.675888e+00
3.674908e+00
3.675312e+00
3.674985e+00
3.673925e+00
3.674483e+00
3.677097e+00
3.684075e+00
3.684062e+00
3.683868e+00
3.683407e+00
3.684262e+00
3.682525e+00
3.682256e+00
3.682019e+00
3.702250e+00
3.720860e+00
3.720224e+00
3.719587e+00
3.727386e+00
