1.453328e-02
1.365304e-02
1.301694e-02
1.103592e-02
1.120520e-02
1.186538e-02
1.251864e-02
1.016116e-02
1.013613e-02
1.070309e-02
1.087904e-02
1.037645e-02
1.025414e-02
1.059389e-02
1.058316e-02
1.036811e-02
1.034069e-02
1.051831e-02
1.049447e-02
1.054811e-02
1.046300e-02
1.060820e-02
1.048374e-02
1.046872e-02
1.044559e-02
1.061463e-02
1.050472e-02
1.081872e-02
1.065636e-02
1.080894e-02
1.062703e-02
1.047158e-02
1.032400e-02
1.057005e-02
1.049948e-02
1.078224e-02
1.051497e-02
1.032925e-02
1.043797e-02
1.051641e-02
1.027560e-02
1.043582e-02
1.034188e-02
1.054263e-02
1.055622e-02
1.027179e-02
1.047492e-02
1.052999e-02
1.022792e-02
1.031685e-02
1.043606e-02
1.052880e-02
1.028872e-02
1.029897e-02
1.049733e-02
1.041961e-02
1.026821e-02
1.054716e-02
1.021385e-02
1.046038e-02
1.049018e-02
1.024795e-02
1.050854e-02
1.047897e-02
1.057649e-02
1.066113e-02
1.032543e-02
1.056743e-02
1.048017e-02
1.033902e-02
1.044154e-02
1.079774e-02
1.056862e-02
1.023746e-02
1.047397e-02
1.084733e-02
1.050282e-02
1.028395e-02
1.049876e-02
1.062417e-02
1.051641e-02
1.025772e-02
1.052713e-02
1.053071e-02
1.014805e-02
1.031971e-02
1.035905e-02
1.046371e-02
1.077104e-02
1.050305e-02
1.051450e-02
1.055956e-02
1.047730e-02
1.037097e-02
1.028275e-02
1.044273e-02
1.045275e-02
1.092100e-02
1.049399e-02
1.043224e-02
1.080585e-02
1.054287e-02
1.027584e-02
1.031089e-02
1.049352e-02
1.051331e-02
1.032305e-02
1.024961e-02
1.053476e-02
1.046968e-02
1.035285e-02
1.025820e-02
1.046276e-02
1.050925e-02
1.032519e-02
1.054525e-02
1.053882e-02
1.035786e-02
1.097298e-02
1.052475e-02
1.051283e-02
1.053143e-02
1.037884e-02
1.047254e-02
1.052189e-02
1.030874e-02
1.027489e-02
1.045489e-02
1.052451e-02
1.036263e-02
1.025748e-02
1.043320e-02
1.084733e-02
1.051354e-02
1.051044e-02
1.047325e-02
1.045656e-02
1.029015e-02
1.022625e-02
1.080084e-02
1.052594e-02
1.025820e-02
1.050639e-02
1.077008e-02
1.057959e-02
1.050234e-02
1.058245e-02
1.048160e-02
1.052332e-02
1.031399e-02
1.028967e-02
1.052547e-02
1.049733e-02
1.043701e-02
1.045322e-02
1.051307e-02
1.053953e-02
1.051831e-02
1.042628e-02
1.046991e-02
1.048112e-02
1.020885e-02
1.050568e-02
1.083112e-02
1.046491e-02
1.038861e-02
1.032710e-02
1.207972e-02
1.030111e-02
1.027608e-02
1.029134e-02
1.086092e-02
1.081729e-02
1.049876e-02
1.044583e-02
1.028657e-02
1.048684e-02
1.050830e-02
1.029110e-02
1.025820e-02
1.055288e-02
1.031256e-02
1.030397e-02
1.043010e-02
1.050162e-02
1.053190e-02
1.083660e-02
1.028013e-02
1.049161e-02
1.051044e-02
1.037979e-02
1.032472e-02
1.047611e-02
1.053762e-02
1.023841e-02
1.028013e-02
1.022816e-02
1.085281e-02
1.030946e-02
1.025701e-02
1.042628e-02
1.060486e-02
1.051283e-02
1.042128e-02
1.052690e-02
1.043391e-02
1.064301e-02
1.083398e-02
1.022625e-02
1.052952e-02
1.060987e-02
1.048493e-02
1.041436e-02
1.045847e-02
1.049495e-02
1.031828e-02
1.032376e-02
1.050758e-02
1.052666e-02
1.029015e-02
1.032376e-02
1.045203e-02
1.076746e-02
1.087952e-02
1.046586e-02
1.089072e-02
1.044631e-02
1.034379e-02
1.040769e-02
1.052094e-02
1.085877e-02
1.046157e-02
1.031184e-02
1.021171e-02
1.056743e-02
1.034617e-02
1.036215e-02
1.032186e-02
1.081586e-02
1.042008e-02
1.028705e-02
1.051354e-02
1.049829e-02
1.032281e-02
1.024437e-02
1.082325e-02
1.049781e-02
1.032710e-02
1.035166e-02
1.030827e-02
1.050115e-02
1.049209e-02
1.024628e-02
1.049447e-02
1.050997e-02
1.080418e-02
1.052141e-02
1.028109e-02
1.064348e-02
1.056194e-02
1.080537e-02
1.032639e-02
1.051497e-02
1.054955e-02
1.046252e-02
1.060343e-02
1.060772e-02
1.053023e-02
1.064277e-02
1.052380e-02
1.026249e-02
1.080632e-02
1.042962e-02
1.051712e-02
1.024652e-02
1.052856e-02
1.043248e-02
1.030016e-02
1.037908e-02
1.051378e-02
1.027274e-02
1.063991e-02
1.036119e-02
1.009965e-02
1.051259e-02
1.056623e-02
1.046753e-02
1.086235e-02
1.048684e-02
1.027441e-02
1.051331e-02
1.059151e-02
1.047730e-02
1.050091e-02
1.047349e-02
1.056933e-02
1.052880e-02
1.045752e-02
1.056862e-02
1.059747e-02
1.022983e-02
1.030970e-02
1.058269e-02
1.047063e-02
1.024365e-02
1.052427e-02
1.054215e-02
1.053762e-02
1.034307e-02
1.044726e-02
1.033807e-02
1.066923e-02
1.044917e-02
1.048899e-02
1.049471e-02
1.039791e-02
1.029730e-02
1.022768e-02
1.052260e-02
1.053882e-02
1.042843e-02
1.048613e-02
1.042271e-02
1.051235e-02
1.056027e-02
1.028442e-02
1.047087e-02
1.064110e-02
1.049161e-02
1.027894e-02
1.085591e-02
1.052094e-02
1.030231e-02
1.025009e-02
1.029992e-02
1.049399e-02
1.082349e-02
1.024914e-02
1.046944e-02
1.025319e-02
1.025081e-02
1.047635e-02
1.032805e-02
1.028681e-02
1.036978e-02
1.049685e-02
1.084185e-02
1.025295e-02
1.038861e-02
1.028299e-02
1.042700e-02
1.047802e-02
1.079392e-02
1.031804e-02
1.042295e-02
1.045561e-02
1.036787e-02
1.044106e-02
1.048541e-02
1.034117e-02
1.047087e-02
1.027060e-02
1.050520e-02
1.027536e-02
1.043081e-02
1.027155e-02
1.023388e-02
1.031160e-02
1.026011e-02
1.019740e-02
1.025701e-02
1.032567e-02
1.028132e-02
1.018524e-02
1.046991e-02
1.043105e-02
1.030040e-02
1.026177e-02
1.033783e-02
1.046872e-02
1.030445e-02
1.033020e-02
1.024532e-02
1.045227e-02
1.049352e-02
1.023722e-02
1.057005e-02
1.028872e-02
1.024842e-02
1.026273e-02
1.030016e-02
1.056194e-02
1.027727e-02
1.027155e-02
1.039886e-02
1.036549e-02
1.030517e-02
1.025915e-02
1.028943e-02
1.029181e-02
1.024604e-02
1.045775e-02
1.028275e-02
1.079535e-02
1.037693e-02
1.025534e-02
1.040030e-02
1.029754e-02
1.048756e-02
1.019764e-02
1.026773e-02
1.048064e-02
1.023984e-02
1.027918e-02
1.039433e-02
1.073790e-02
1.043820e-02
1.056790e-02
1.022673e-02
1.051450e-02
1.038718e-02
1.026559e-02
1.025033e-02
1.069307e-02
1.060009e-02
1.057005e-02
1.032782e-02
1.075363e-02
1.085591e-02
1.044154e-02
1.027226e-02
1.026273e-02
1.051068e-02
1.024961e-02
1.027274e-02
1.028085e-02
1.046705e-02
1.044559e-02
1.027513e-02
1.028848e-02
1.022887e-02
1.027203e-02
1.032758e-02
1.068544e-02
1.025534e-02
1.029015e-02
1.030660e-02
1.047087e-02
1.047635e-02
1.034570e-02
1.026630e-02
1.027155e-02
1.045322e-02
1.022196e-02
1.074648e-02
1.030993e-02
1.049399e-02
1.030064e-02
1.046944e-02
1.044917e-02
1.047087e-02
1.026988e-02
1.035953e-02
1.026821e-02
1.046371e-02
1.033425e-02
1.027226e-02
1.050043e-02
1.022196e-02
1.042295e-02
1.015282e-02
1.026416e-02
1.031995e-02
1.025939e-02
1.024246e-02
1.042676e-02
1.041722e-02
1.029730e-02
1.020932e-02
1.042223e-02
1.032782e-02
1.022482e-02
1.035953e-02
1.035070e-02
1.049304e-02
1.046085e-02
1.021934e-02
1.033139e-02
1.050091e-02
1.050091e-02
1.032495e-02
1.028681e-02
1.048779e-02
1.046944e-02
1.026464e-02
1.021028e-02
1.030898e-02
1.047325e-02
1.045394e-02
1.028562e-02
1.029634e-02
1.036692e-02
1.025939e-02
1.028323e-02
1.049113e-02
1.030350e-02
1.021481e-02
1.058674e-02
1.033211e-02
1.078987e-02
1.026821e-02
1.046228e-02
1.028752e-02
1.029968e-02
1.032734e-02
1.035142e-02
1.046705e-02
1.027560e-02
1.027131e-02
1.050687e-02
1.033497e-02
1.032829e-02
1.049399e-02
1.024556e-02
1.061463e-02
1.030064e-02
1.082373e-02
1.029444e-02
1.036739e-02
1.026416e-02
1.031375e-02
1.031852e-02
1.029587e-02
1.025605e-02
1.073456e-02
1.028991e-02
1.032400e-02
1.050377e-02
1.021862e-02
1.029038e-02
1.045179e-02
1.046324e-02
1.033235e-02
1.026416e-02
1.040912e-02
1.042080e-02
1.038289e-02
1.028776e-02
1.049900e-02
1.031685e-02
1.029229e-02
1.025486e-02
1.045370e-02
1.026464e-02
1.023030e-02
1.027584e-02
1.034594e-02
1.036882e-02
1.055574e-02
1.047564e-02
1.051164e-02
1.052094e-02
1.032066e-02
1.049590e-02
1.051402e-02
1.036978e-02
1.026368e-02
1.031637e-02
1.044393e-02
1.025391e-02
1.027608e-02
1.044250e-02
1.032448e-02
1.019526e-02
1.039886e-02
1.045871e-02
1.039147e-02
1.046586e-02
1.062131e-02
1.042223e-02
1.041102e-02
1.029229e-02
1.055479e-02
1.046658e-02
1.085114e-02
1.030254e-02
1.029611e-02
1.049495e-02
1.047325e-02
1.023579e-02
1.029611e-02
1.063967e-02
1.021838e-02
1.002455e-02
1.540971e-02
1.037836e-02
1.051927e-02
1.033187e-02
1.079059e-02
1.082039e-02
1.044226e-02
1.026249e-02
1.034665e-02
1.066685e-02
1.026964e-02
1.034927e-02
1.025653e-02
1.026654e-02
1.034260e-02
1.028514e-02
1.034021e-02
1.052666e-02
1.032758e-02
1.024842e-02
1.042771e-02
1.057959e-02
1.023078e-02
1.018620e-02
1.026845e-02
1.046801e-02
1.046395e-02
1.036429e-02
1.052451e-02
1.025963e-02
1.033449e-02
1.027656e-02
1.043677e-02
1.033902e-02
1.022220e-02
1.033497e-02
1.026702e-02
1.039362e-02
1.047134e-02
1.026559e-02
1.059437e-02
1.033258e-02
1.029253e-02
1.034999e-02
1.076078e-02
1.018167e-02
1.027226e-02
1.034737e-02
1.065922e-02
1.026893e-02
1.029730e-02
1.025462e-02
1.029944e-02
1.044822e-02
1.021218e-02
1.032996e-02
1.046157e-02
1.017594e-02
1.016188e-02
1.044631e-02
1.029611e-02
1.025915e-02
1.039100e-02
1.025987e-02
1.034498e-02
1.043677e-02
1.045060e-02
1.032686e-02
1.049757e-02
1.034164e-02
1.031184e-02
1.034403e-02
1.047015e-02
1.028466e-02
1.045704e-02
1.029253e-02
1.040316e-02
1.047397e-02
1.020432e-02
1.045132e-02
1.035166e-02
1.016974e-02
1.024318e-02
1.029134e-02
1.041746e-02
1.045370e-02
1.029944e-02
1.022530e-02
1.052523e-02
1.051044e-02
1.027417e-02
1.034188e-02
1.054263e-02
1.025009e-02
1.028299e-02
1.028442e-02
1.033878e-02
1.021099e-02
1.041675e-02
1.026630e-02
1.080966e-02
1.047778e-02
1.027751e-02
1.029754e-02
1.080751e-02
1.039147e-02
1.038647e-02
1.033401e-02
1.051497e-02
1.026917e-02
1.026845e-02
1.026177e-02
1.044345e-02
1.045394e-02
1.023173e-02
1.030064e-02
1.049948e-02
1.028872e-02
1.050735e-02
1.026082e-02
1.047659e-02
1.068020e-02
1.027918e-02
1.028204e-02
1.046681e-02
1.028967e-02
1.034832e-02
1.024103e-02
1.068354e-02
1.031280e-02
1.032877e-02
1.025176e-02
1.026583e-02
1.048541e-02
1.037240e-02
1.029897e-02
1.071119e-02
1.043916e-02
1.033902e-02
1.025295e-02
1.028609e-02
1.028085e-02
1.057434e-02
1.024628e-02
1.042008e-02
1.033759e-02
1.043129e-02
1.027250e-02
1.025128e-02
1.027942e-02
1.025319e-02
1.033211e-02
1.032329e-02
1.077223e-02
1.050639e-02
1.022506e-02
1.035619e-02
1.034665e-02
1.053762e-02
1.026201e-02
1.031208e-02
1.059222e-02
1.042771e-02
1.024294e-02
1.031637e-02
1.049995e-02
1.053834e-02
1.031685e-02
1.027250e-02
1.060176e-02
1.023912e-02
1.023579e-02
1.038837e-02
1.051307e-02
1.050878e-02
1.028919e-02
1.024890e-02
1.028562e-02
1.035213e-02
1.025152e-02
1.027060e-02
1.024175e-02
1.030016e-02
1.025271e-02
1.029611e-02
1.058745e-02
1.046038e-02
1.023960e-02
1.033449e-02
1.028776e-02
1.024890e-02
1.024866e-02
1.034617e-02
1.023793e-02
1.051426e-02
1.052618e-02
1.028490e-02
1.028657e-02
1.029778e-02
1.022124e-02
1.033187e-02
1.035452e-02
1.038098e-02
1.051068e-02
1.048493e-02
1.032495e-02
1.017642e-02
1.032495e-02
1.073456e-02
1.033831e-02
1.046181e-02
1.051593e-02
1.020861e-02
1.046157e-02
1.031518e-02
1.032829e-02
1.029778e-02
1.029658e-02
1.047158e-02
1.022625e-02
1.042032e-02
1.032948e-02
1.048398e-02
1.027107e-02
1.022959e-02
1.030087e-02
1.028681e-02
1.022816e-02
1.050830e-02
1.031637e-02
1.049995e-02
1.032639e-02
1.032948e-02
1.051092e-02
1.060152e-02
1.035881e-02
1.038909e-02
1.041341e-02
1.048517e-02
1.034021e-02
1.028132e-02
1.020360e-02
1.032758e-02
1.031542e-02
1.026869e-02
1.024294e-02
1.033425e-02
1.041913e-02
1.030493e-02
1.054239e-02
1.048636e-02
1.031399e-02
1.026130e-02
1.076341e-02
1.075649e-02
1.058197e-02
1.046133e-02
1.040101e-02
1.031947e-02
1.035404e-02
1.044512e-02
1.043248e-02
1.046133e-02
1.033831e-02
1.034522e-02
1.055551e-02
1.030493e-02
1.031542e-02
1.027060e-02
1.023054e-02
1.051259e-02
1.030207e-02
1.025653e-02
1.029730e-02
1.048231e-02
1.025319e-02
1.046419e-02
1.036787e-02
1.046014e-02
1.031518e-02
1.056719e-02
1.026773e-02
1.058841e-02
1.026869e-02
1.024365e-02
1.027155e-02
1.051140e-02
1.048517e-02
1.042247e-02
1.029944e-02
1.050401e-02
1.044321e-02
1.029038e-02
1.025724e-02
1.023579e-02
1.049924e-02
1.029372e-02
1.059270e-02
1.029944e-02
1.052785e-02
1.047444e-02
1.029181e-02
1.047421e-02
1.049304e-02
1.031208e-02
1.026225e-02
1.028967e-02
1.047063e-02
1.037002e-02
1.030946e-02
1.037312e-02
1.028395e-02
1.050854e-02
1.023889e-02
1.029420e-02
1.026726e-02
1.025057e-02
1.053357e-02
1.078320e-02
1.032424e-02
1.026964e-02
1.034069e-02
1.031327e-02
1.034617e-02
1.050520e-02
1.027918e-02
1.021218e-02
1.034522e-02
1.028347e-02
1.029730e-02
1.027012e-02
1.052332e-02
1.027703e-02
1.027703e-02
1.027608e-02
1.029015e-02
1.045179e-02
1.021385e-02
1.030803e-02
1.044989e-02
1.032019e-02
1.026273e-02
1.032209e-02
1.036549e-02
1.029134e-02
1.028037e-02
1.026964e-02
1.031733e-02
1.048183e-02
1.046729e-02
1.026821e-02
1.075339e-02
1.027846e-02
1.033568e-02
1.060605e-02
1.049638e-02
1.040816e-02
1.050401e-02
1.014304e-02
1.019955e-02
1.024032e-02
1.049042e-02
1.027465e-02
1.044750e-02
1.029944e-02
1.037908e-02
1.031566e-02
1.031804e-02
1.022148e-02
1.052570e-02
1.029801e-02
1.031423e-02
1.029396e-02
1.024961e-02
1.035810e-02
1.048160e-02
1.048779e-02
1.042724e-02
1.039815e-02
1.025915e-02
1.044822e-02
1.024604e-02
1.027441e-02
1.052237e-02
1.049852e-02
1.032615e-02
1.027155e-02
1.019645e-02
1.066208e-02
1.047254e-02
1.053214e-02
1.022816e-02
1.026344e-02
1.026559e-02
1.022482e-02
1.081991e-02
1.046109e-02
1.034188e-02
1.056576e-02
1.020813e-02
1.027131e-02
1.041651e-02
1.023483e-02
1.034784e-02
1.034641e-02
1.051068e-02
