4.131794e-03
3.773212e-03
3.899336e-03
3.397703e-03
3.363371e-03
3.528357e-03
3.715754e-03
3.820419e-03
3.654242e-03
3.426552e-03
3.478289e-03
3.701925e-03
3.733158e-03
2.721548e-03
2.673149e-03
2.856016e-03
2.941370e-03
2.675056e-03
2.485991e-03
2.548456e-03
2.698660e-03
2.510548e-03
2.940178e-03
2.474308e-03
2.594233e-03
2.599239e-03
2.472162e-03
2.943516e-03
2.805710e-03
2.520800e-03
2.912521e-03
2.578974e-03
2.543688e-03
2.532959e-03
2.687454e-03
2.661467e-03
2.896547e-03
2.859592e-03
2.834082e-03
2.973557e-03
2.664804e-03
2.776623e-03
2.584934e-03
2.858400e-03
2.890825e-03
2.873898e-03
3.317356e-03
2.682209e-03
2.864838e-03
2.828121e-03
2.759218e-03
2.551317e-03
2.560616e-03
3.028631e-03
2.528667e-03
2.944469e-03
2.859831e-03
2.568722e-03
2.587318e-03
2.809048e-03
2.832651e-03
2.511501e-03
2.490520e-03
2.594948e-03
2.542496e-03
2.771378e-03
2.730608e-03
2.462149e-03
2.559900e-03
2.863407e-03
2.869844e-03
2.895594e-03
2.862215e-03
2.921104e-03
2.879620e-03
2.882719e-03
2.951384e-03
3.026485e-03
2.800465e-03
2.546549e-03
2.478123e-03
2.496481e-03
2.738953e-03
2.703667e-03
2.466679e-03
2.501726e-03
2.703905e-03
3.037930e-03
2.539873e-03
2.968073e-03
2.890110e-03
2.927065e-03
2.549648e-03
2.843857e-03
2.858639e-03
2.848625e-03
2.680540e-03
2.551317e-03
2.804518e-03
2.895355e-03
2.514124e-03
2.530813e-03
2.556562e-03
2.515554e-03
2.818108e-03
2.836704e-03
2.542734e-03
2.500296e-03
2.710819e-03
2.763748e-03
2.812624e-03
2.695799e-03
2.851963e-03
2.791405e-03
2.841234e-03
2.757311e-03
2.792120e-03
2.947330e-03
2.809048e-03
2.923727e-03
2.920389e-03
2.820253e-03
2.668381e-03
2.831697e-03
2.710819e-03
2.777338e-03
2.525091e-03
2.894878e-03
2.683163e-03
2.787590e-03
2.649307e-03
2.841711e-03
2.843380e-03
2.858400e-03
2.969027e-03
2.831459e-03
2.754450e-03
2.645016e-03
2.808571e-03
2.802134e-03
2.702475e-03
2.518654e-03
2.534151e-03
2.570152e-03
2.866507e-03
2.502918e-03
3.000259e-03
2.825022e-03
2.848148e-03
2.743483e-03
2.574921e-03
2.683640e-03
2.722979e-03
2.743959e-03
2.543211e-03
3.115654e-03
2.516270e-03
2.683401e-03
2.525091e-03
2.520323e-03
2.456665e-03
2.515078e-03
2.810955e-03
2.944231e-03
2.564430e-03
2.518654e-03
2.690792e-03
2.949953e-03
2.541065e-03
2.742767e-03
2.964020e-03
2.782345e-03
2.572775e-03
2.684593e-03
2.730608e-03
2.701521e-03
2.840519e-03
2.523899e-03
2.737522e-03
2.665997e-03
2.925158e-03
2.497435e-03
2.527475e-03
2.700806e-03
2.851009e-03
2.676964e-03
2.906322e-03
2.526045e-03
2.915859e-03
2.567768e-03
2.589703e-03
2.675772e-03
2.907753e-03
2.915382e-03
2.524137e-03
2.547264e-03
2.677679e-03
2.964258e-03
2.558231e-03
2.522230e-03
2.520800e-03
2.501011e-03
2.793789e-03
2.886534e-03
2.690554e-03
2.537966e-03
2.510071e-03
2.697229e-03
2.770185e-03
2.962112e-03
2.885103e-03
3.055573e-03
2.535820e-03
2.550364e-03
2.891541e-03
2.924442e-03
2.878904e-03
2.920389e-03
2.955914e-03
2.506256e-03
2.517223e-03
2.676010e-03
2.793789e-03
2.546072e-03
2.522230e-03
2.520084e-03
2.500296e-03
2.676725e-03
2.845287e-03
2.566099e-03
2.541304e-03
2.712488e-03
2.894163e-03
2.673864e-03
2.523661e-03
2.655745e-03
2.825737e-03
3.087044e-03
2.497911e-03
2.922058e-03
2.543211e-03
2.503157e-03
2.560139e-03
2.510309e-03
2.656221e-03
2.551317e-03
2.662182e-03
2.879143e-03
2.801180e-03
2.520084e-03
2.681494e-03
2.562284e-03
2.692938e-03
2.919912e-03
2.687931e-03
2.770901e-03
2.965927e-03
2.532005e-03
2.824545e-03
2.879381e-03
2.840519e-03
2.865553e-03
2.883911e-03
2.792358e-03
2.764702e-03
2.763987e-03
2.882481e-03
2.922058e-03
2.507925e-03
2.677441e-03
2.541780e-03
2.572536e-03
2.511978e-03
2.704144e-03
2.676964e-03
2.873421e-03
2.526283e-03
2.558231e-03
2.477169e-03
2.696991e-03
2.804279e-03
2.875805e-03
2.523422e-03
2.825499e-03
2.925873e-03
3.340721e-03
2.494812e-03
2.542257e-03
2.522945e-03
2.544641e-03
2.835512e-03
2.688646e-03
2.835512e-03
2.544641e-03
2.820253e-03
2.857924e-03
2.836466e-03
2.590895e-03
2.909660e-03
2.619505e-03
2.519369e-03
2.567768e-03
2.511740e-03
2.821445e-03
2.819300e-03
2.543688e-03
2.598763e-03
2.882719e-03
2.804995e-03
2.532721e-03
2.512932e-03
2.951145e-03
2.848387e-03
2.549171e-03
2.523422e-03
2.867222e-03
2.820969e-03
2.676487e-03
3.709793e-03
2.851009e-03
2.526283e-03
2.749681e-03
3.097296e-03
2.928019e-03
2.661705e-03
2.542734e-03
2.985477e-03
2.540112e-03
2.921581e-03
2.798080e-03
2.994299e-03
2.528429e-03
3.020763e-03
2.923012e-03
2.950907e-03
2.819061e-03
2.820730e-03
2.574682e-03
2.552509e-03
2.822161e-03
2.774000e-03
2.727985e-03
2.846003e-03
3.080368e-03
2.688646e-03
2.732992e-03
2.702713e-03
2.698898e-03
2.522469e-03
2.967834e-03
3.047228e-03
2.825737e-03
2.894402e-03
2.934217e-03
2.795219e-03
2.839804e-03
2.926111e-03
2.563715e-03
2.752542e-03
2.806902e-03
3.391027e-03
2.510071e-03
2.528429e-03
2.844572e-03
2.889872e-03
2.846718e-03
3.025532e-03
2.759933e-03
2.917767e-03
2.799034e-03
3.338099e-03
2.515078e-03
2.554417e-03
2.723455e-03
2.915621e-03
2.822638e-03
2.565384e-03
2.690077e-03
2.830505e-03
2.721310e-03
2.900600e-03
2.894163e-03
2.827883e-03
2.837896e-03
2.835035e-03
2.830029e-03
2.674103e-03
2.846718e-03
2.720118e-03
2.679586e-03
3.336191e-03
2.529144e-03
2.701283e-03
2.506018e-03
2.553225e-03
2.526522e-03
2.542496e-03
2.678156e-03
2.782822e-03
2.922773e-03
2.926350e-03
2.709866e-03
2.649784e-03
2.799749e-03
2.673864e-03
3.086567e-03
2.556562e-03
2.550364e-03
2.828836e-03
2.538681e-03
2.881050e-03
2.808571e-03
2.677202e-03
2.844095e-03
2.842665e-03
2.916813e-03
2.811193e-03
2.917051e-03
2.793074e-03
2.556562e-03
2.537251e-03
2.929449e-03
2.771139e-03
2.919674e-03
2.654552e-03
2.672911e-03
2.951622e-03
2.955198e-03
3.025055e-03
2.950907e-03
2.511501e-03
2.515316e-03
2.703428e-03
2.925396e-03
2.515554e-03
2.512693e-03
2.776384e-03
2.850294e-03
2.498627e-03
2.559662e-03
2.917051e-03
2.927065e-03
2.952099e-03
2.922058e-03
2.714634e-03
2.744198e-03
3.112078e-03
2.688169e-03
2.823114e-03
2.942085e-03
2.650023e-03
2.680063e-03
3.062487e-03
2.564430e-03
2.686977e-03
2.703428e-03
2.509832e-03
2.731085e-03
2.550602e-03
2.752781e-03
2.539158e-03
2.545595e-03
2.794027e-03
2.671719e-03
2.758026e-03
2.944708e-03
2.915859e-03
2.545118e-03
2.527237e-03
2.518415e-03
2.724409e-03
2.951860e-03
2.678871e-03
2.957344e-03
2.922058e-03
2.678156e-03
2.536774e-03
2.928972e-03
2.680063e-03
2.524853e-03
2.695560e-03
3.006697e-03
2.575159e-03
2.688646e-03
2.657890e-03
2.846718e-03
2.691269e-03
2.690792e-03
2.839327e-03
2.558708e-03
2.515793e-03
2.565622e-03
2.830029e-03
2.678633e-03
2.570868e-03
2.553701e-03
2.823353e-03
3.028154e-03
3.375053e-03
2.565384e-03
2.537251e-03
2.836704e-03
3.240108e-03
2.534866e-03
2.727509e-03
2.921343e-03
2.796412e-03
2.659321e-03
2.808809e-03
2.547026e-03
2.813816e-03
2.809048e-03
2.928019e-03
2.582788e-03
2.924919e-03
2.516031e-03
2.815962e-03
2.497673e-03
2.529621e-03
3.047943e-03
2.570152e-03
2.662897e-03
2.864599e-03
2.569675e-03
2.519131e-03
2.685547e-03
3.107071e-03
3.125429e-03
2.509832e-03
2.679825e-03
2.863646e-03
2.670050e-03
2.483845e-03
2.530813e-03
2.531052e-03
2.567530e-03
3.067732e-03
2.846956e-03
2.793789e-03
2.764463e-03
2.527237e-03
2.668858e-03
2.834082e-03
2.523899e-03
2.566814e-03
3.018141e-03
2.832413e-03
2.542734e-03
2.836466e-03
2.893448e-03
2.684116e-03
2.729654e-03
2.509356e-03
2.546549e-03
2.886295e-03
2.831221e-03
2.685547e-03
2.961159e-03
2.655506e-03
2.647161e-03
3.027916e-03
2.831697e-03
2.786875e-03
2.810240e-03
2.649546e-03
2.621651e-03
2.514362e-03
2.560377e-03
2.543449e-03
2.647877e-03
2.847433e-03
2.528191e-03
2.680302e-03
2.475977e-03
2.529383e-03
2.507210e-03
2.918959e-03
2.580643e-03
2.474546e-03
2.749205e-03
2.524137e-03
2.767563e-03
3.055096e-03
2.846003e-03
2.513885e-03
2.495289e-03
2.830029e-03
2.819300e-03
2.702951e-03
2.554417e-03
2.703190e-03
2.839327e-03
2.687931e-03
2.779484e-03
2.693176e-03
2.643347e-03
2.833128e-03
2.474070e-03
2.534866e-03
2.789497e-03
2.828836e-03
2.846479e-03
2.551317e-03
2.896786e-03
2.820015e-03
2.802372e-03
2.944708e-03
2.486944e-03
2.521515e-03
2.505541e-03
2.648830e-03
2.732038e-03
2.573967e-03
2.677441e-03
2.950668e-03
2.779484e-03
2.672434e-03
2.453804e-03
2.508879e-03
2.788544e-03
2.718687e-03
2.860546e-03
2.823353e-03
2.704859e-03
2.808571e-03
2.929449e-03
3.082275e-03
2.738476e-03
3.079414e-03
2.860069e-03
2.801657e-03
2.653122e-03
2.631426e-03
3.139734e-03
2.743244e-03
2.873421e-03
2.806664e-03
2.827883e-03
2.988338e-03
2.526760e-03
2.690792e-03
3.011703e-03
2.524376e-03
2.454758e-03
2.588511e-03
2.512932e-03
2.710819e-03
2.717733e-03
2.681971e-03
2.514839e-03
2.651453e-03
3.097296e-03
2.531767e-03
2.474070e-03
2.502680e-03
2.664566e-03
3.029823e-03
2.537489e-03
2.538919e-03
2.555847e-03
2.773285e-03
2.833366e-03
2.533913e-03
2.572536e-03
2.674103e-03
2.804279e-03
2.866030e-03
2.626896e-03
3.343582e-03
2.564669e-03
2.870798e-03
2.908707e-03
2.507925e-03
2.942562e-03
2.740622e-03
2.686024e-03
2.855778e-03
2.555847e-03
2.738714e-03
2.950430e-03
2.665043e-03
3.085613e-03
2.733946e-03
3.146410e-03
2.663612e-03
2.917767e-03
2.774954e-03
2.925158e-03
2.514839e-03
3.384113e-03
2.700329e-03
2.821445e-03
2.679825e-03
2.940178e-03
2.847195e-03
2.945423e-03
2.816439e-03
2.645969e-03
2.533674e-03
2.551317e-03
2.834320e-03
2.631664e-03
2.899170e-03
2.661228e-03
3.400564e-03
2.568483e-03
2.483130e-03
2.597809e-03
2.729177e-03
2.930880e-03
2.782822e-03
2.528429e-03
2.551794e-03
2.960205e-03
2.803087e-03
3.606319e-03
2.686977e-03
2.689838e-03
2.517462e-03
2.548933e-03
2.568960e-03
2.669573e-03
2.665758e-03
2.528906e-03
2.752781e-03
2.931833e-03
3.029823e-03
3.390312e-03
2.535343e-03
2.738953e-03
2.516508e-03
2.924681e-03
2.923012e-03
2.524614e-03
2.522230e-03
2.891302e-03
2.997160e-03
2.519846e-03
2.532959e-03
2.693176e-03
2.628565e-03
2.532005e-03
2.535343e-03
2.838373e-03
2.540588e-03
2.711058e-03
2.834320e-03
2.527237e-03
2.519608e-03
2.788544e-03
2.832413e-03
3.072262e-03
2.502441e-03
2.860308e-03
2.516270e-03
3.056526e-03
2.544403e-03
2.519131e-03
2.822876e-03
2.523899e-03
2.897501e-03
2.809525e-03
2.556562e-03
2.802849e-03
2.812386e-03
2.552271e-03
2.560616e-03
2.827168e-03
2.834797e-03
2.702475e-03
2.721548e-03
2.677202e-03
2.733946e-03
2.575159e-03
2.556562e-03
2.803564e-03
2.920151e-03
2.866030e-03
2.781153e-03
2.667665e-03
2.579451e-03
2.509117e-03
2.539873e-03
2.508640e-03
2.688646e-03
2.924442e-03
2.673864e-03
2.511501e-03
2.539873e-03
2.762556e-03
3.012657e-03
2.495766e-03
2.608776e-03
2.811909e-03
2.556086e-03
3.083467e-03
2.857924e-03
2.545118e-03
2.926588e-03
2.596617e-03
2.539873e-03
2.534151e-03
2.513409e-03
2.676964e-03
2.554417e-03
2.698898e-03
2.534628e-03
2.527714e-03
2.668858e-03
2.686024e-03
2.653837e-03
2.838373e-03
2.477169e-03
2.516508e-03
2.563238e-03
2.788544e-03
2.681255e-03
2.510309e-03
2.721786e-03
2.817631e-03
2.700806e-03
2.863884e-03
2.528906e-03
2.706051e-03
2.652645e-03
2.573252e-03
2.552986e-03
2.735615e-03
3.099918e-03
2.693653e-03
3.139973e-03
2.508640e-03
2.945185e-03
2.823353e-03
2.464771e-03
2.536774e-03
2.868652e-03
2.840519e-03
2.552748e-03
2.573252e-03
2.799273e-03
2.822161e-03
2.777100e-03
2.836943e-03
2.544165e-03
2.762556e-03
2.501011e-03
2.516747e-03
2.534389e-03
2.799749e-03
2.680779e-03
2.508640e-03
2.705574e-03
2.655745e-03
2.840519e-03
2.527475e-03
2.540827e-03
2.935886e-03
3.122330e-03
2.524137e-03
2.529621e-03
2.701283e-03
2.473116e-03
2.516747e-03
2.523899e-03
2.462149e-03
2.654076e-03
2.864599e-03
2.686739e-03
2.527475e-03
2.536297e-03
3.045559e-03
2.634764e-03
2.656460e-03
2.838135e-03
2.697229e-03
2.538919e-03
2.899408e-03
2.538919e-03
2.837896e-03
2.508879e-03
2.537489e-03
2.677679e-03
2.940178e-03
2.463102e-03
3.404617e-03
2.511978e-03
2.809048e-03
2.689600e-03
2.781630e-03
2.683401e-03
2.529860e-03
2.504349e-03
2.510071e-03
2.512217e-03
2.650976e-03
2.903938e-03
2.691507e-03
2.809286e-03
2.924681e-03
2.516747e-03
2.683640e-03
2.530813e-03
2.638578e-03
2.845764e-03
2.790213e-03
2.674341e-03
3.051996e-03
2.862453e-03
2.516747e-03
2.527475e-03
2.836227e-03
2.504349e-03
2.678871e-03
2.771378e-03
2.500296e-03
2.574205e-03
2.710342e-03
2.851725e-03
2.832413e-03
2.639532e-03
2.989769e-03
2.741098e-03
2.659321e-03
2.923489e-03
2.484322e-03
2.540112e-03
2.515316e-03
2.838373e-03
2.854824e-03
2.649307e-03
2.923250e-03
2.964973e-03
2.919197e-03
2.497911e-03
2.803564e-03
2.762794e-03
2.562046e-03
2.518654e-03
2.946615e-03
2.871513e-03
2.925158e-03
2.769470e-03
2.919197e-03
2.838850e-03
2.753973e-03
3.096104e-03
2.693176e-03
2.571583e-03
2.513170e-03
2.518654e-03
2.736330e-03
2.554178e-03
2.542496e-03
2.745867e-03
2.582550e-03
2.816200e-03
2.925873e-03
2.521515e-03
2.516031e-03
2.822161e-03
2.936125e-03
2.708197e-03
2.552032e-03
2.929688e-03
2.532959e-03
2.813101e-03
2.892971e-03
2.557993e-03
2.538204e-03
2.921581e-03
2.910376e-03
2.917290e-03
2.528667e-03
2.549887e-03
2.554417e-03
2.625704e-03
2.915382e-03
2.751112e-03
2.908468e-03
2.491713e-03
2.758026e-03
2.806902e-03
2.793550e-03
2.876282e-03
2.925158e-03
2.710819e-03
3.031731e-03
3.181458e-03
2.950191e-03
2.893448e-03
2.979994e-03
2.491951e-03
2.921820e-03
2.505779e-03
2.683401e-03
2.488375e-03
2.550364e-03
2.930641e-03
2.806664e-03
