3.374577e-03
3.147125e-04
3.726482e-04
3.798008e-04
3.688335e-04
3.530979e-04
3.685951e-04
3.657341e-04
3.652573e-04
3.471375e-04
3.643036e-04
3.588200e-04
3.736019e-04
3.535748e-04
3.683567e-04
3.669262e-04
3.244877e-04
3.378391e-04
3.700256e-04
3.428459e-04
3.654957e-04
3.831387e-04
3.721714e-04
3.483295e-04
3.635883e-04
3.387928e-04
3.676414e-04
3.564358e-04
3.621578e-04
3.550053e-04
3.724098e-04
3.700256e-04
3.616810e-04
3.480911e-04
3.685951e-04
3.552437e-04
3.640652e-04
3.538132e-04
3.716946e-04
3.650188e-04
3.297329e-04
3.383160e-04
3.674030e-04
3.666878e-04
3.645420e-04
3.483295e-04
3.676414e-04
3.664494e-04
3.623962e-04
3.387928e-04
3.654957e-04
3.526211e-04
3.688335e-04
3.457069e-04
3.504753e-04
3.659725e-04
3.247261e-04
3.619194e-04
3.719330e-04
3.352165e-04
3.726482e-04
3.657341e-04
3.728867e-04
3.664494e-04
3.232956e-04
3.378391e-04
3.709793e-04
3.449917e-04
3.724098e-04
3.511906e-04
3.750324e-04
3.662109e-04
3.249645e-04
3.659725e-04
3.650188e-04
3.929138e-04
3.690720e-04
3.688335e-04
3.843307e-04
3.666878e-04
3.283024e-04
3.461838e-04
3.709793e-04
3.621578e-04
3.724098e-04
3.564358e-04
3.683567e-04
3.676414e-04
3.247261e-04
3.664494e-04
3.709793e-04
3.874302e-04
3.695488e-04
3.650188e-04
3.719330e-04
3.731251e-04
3.290176e-04
3.457069e-04
3.726482e-04
3.511906e-04
3.736019e-04
3.542900e-04
3.228188e-04
3.592968e-04
3.249645e-04
3.440380e-04
3.235340e-04
3.485680e-04
3.583431e-04
3.495216e-04
3.299713e-04
3.590584e-04
3.242493e-04
3.378391e-04
3.309250e-04
3.726482e-04
3.612041e-04
3.154278e-04
3.750324e-04
3.592968e-04
3.311634e-04
3.201962e-04
3.454685e-04
3.623962e-04
3.356934e-04
3.173351e-04
3.352165e-04
3.159046e-04
3.073215e-04
3.237724e-04
3.316402e-04
3.674030e-04
3.325939e-04
3.180504e-04
3.321171e-04
3.149509e-04
3.294945e-04
3.285408e-04
3.304482e-04
3.187656e-04
3.290176e-04
3.144741e-04
3.316402e-04
3.252029e-04
3.309250e-04
3.321171e-04
3.337860e-04
3.602505e-04
3.273487e-04
3.228188e-04
3.314018e-04
3.139973e-04
3.323555e-04
3.168583e-04
3.275871e-04
3.616810e-04
3.294945e-04
3.161430e-04
3.314018e-04
3.571510e-04
3.323555e-04
3.180504e-04
3.249645e-04
3.600121e-04
3.309250e-04
3.142357e-04
3.359318e-04
3.550053e-04
3.347397e-04
3.178120e-04
3.280640e-04
3.635883e-04
3.297329e-04
3.142357e-04
3.702641e-04
3.542900e-04
3.407001e-04
3.116131e-04
1.037598e-03
3.576279e-04
3.492832e-04
3.154278e-04
3.290176e-04
3.592968e-04
3.519058e-04
3.197193e-04
3.347397e-04
3.600121e-04
3.333092e-04
3.190041e-04
3.325939e-04
3.612041e-04
3.352165e-04
3.132820e-04
3.376007e-04
3.459454e-04
3.249645e-04
3.468990e-04
3.240108e-04
3.461838e-04
3.218651e-04
3.509521e-04
3.283024e-04
3.170967e-04
3.371239e-04
3.449917e-04
3.757477e-04
3.516674e-04
3.254414e-04
3.414154e-04
3.557205e-04
3.201962e-04
3.280640e-04
3.426075e-04
3.244877e-04
3.464222e-04
3.318787e-04
3.483295e-04
3.323555e-04
3.428459e-04
3.304482e-04
3.442764e-04
3.240108e-04
3.533363e-04
3.211498e-04
3.435612e-04
3.578663e-04
3.392696e-04
3.242493e-04
3.385544e-04
3.249645e-04
3.142357e-04
3.268719e-04
3.433228e-04
3.311634e-04
3.614426e-04
3.213882e-04
3.492832e-04
3.283024e-04
3.454685e-04
3.242493e-04
3.485680e-04
3.280640e-04
3.173351e-04
3.275871e-04
3.430843e-04
3.273487e-04
3.168583e-04
3.273487e-04
3.466606e-04
3.280640e-04
3.447533e-04
3.402233e-04
3.426075e-04
3.271103e-04
3.488064e-04
3.354549e-04
3.502369e-04
3.736019e-04
3.302097e-04
3.321171e-04
3.447533e-04
3.352165e-04
3.437996e-04
3.111362e-04
3.468990e-04
3.275871e-04
3.428459e-04
3.283024e-04
3.464222e-04
3.283024e-04
3.285408e-04
3.247261e-04
3.440380e-04
3.275871e-04
3.497601e-04
3.228188e-04
3.535748e-04
3.290176e-04
3.426075e-04
3.111362e-04
3.519058e-04
3.213882e-04
3.492832e-04
3.290176e-04
3.426075e-04
3.623962e-04
3.619194e-04
3.130436e-04
3.287792e-04
3.626347e-04
3.428459e-04
3.187656e-04
3.423691e-04
3.669262e-04
3.170967e-04
3.144741e-04
3.490448e-04
3.077984e-04
3.209114e-04
3.132820e-04
3.325939e-04
3.657341e-04
3.254414e-04
3.151894e-04
3.314018e-04
3.626347e-04
3.337860e-04
3.178120e-04
3.950596e-04
3.626347e-04
3.352165e-04
3.066063e-04
3.786087e-04
3.883839e-04
3.383160e-04
3.180504e-04
3.681183e-04
3.345013e-04
3.561974e-04
3.321171e-04
3.073215e-04
3.302097e-04
3.492832e-04
3.285408e-04
3.492832e-04
3.645420e-04
3.488064e-04
3.278255e-04
3.547668e-04
3.316402e-04
3.604889e-04
3.314018e-04
3.492832e-04
3.373623e-04
3.407001e-04
3.519058e-04
3.442764e-04
3.290176e-04
3.468990e-04
3.302097e-04
3.468990e-04
3.097057e-04
3.464222e-04
3.156662e-04
3.428459e-04
3.311634e-04
3.442764e-04
3.252029e-04
3.464222e-04
3.259182e-04
3.402233e-04
3.495216e-04
3.573895e-04
3.337860e-04
3.421307e-04
3.221035e-04
3.433228e-04
3.278255e-04
3.464222e-04
3.285408e-04
3.325939e-04
3.278255e-04
3.404617e-04
3.283024e-04
3.421307e-04
3.104210e-04
3.144741e-04
3.149509e-04
3.428459e-04
3.287792e-04
3.452301e-04
3.354549e-04
3.466606e-04
3.046989e-04
3.449917e-04
3.106594e-04
3.523827e-04
3.309250e-04
3.440380e-04
3.242493e-04
3.421307e-04
3.066063e-04
3.356934e-04
3.254414e-04
3.430843e-04
3.290176e-04
3.521442e-04
3.321171e-04
3.433228e-04
3.302097e-04
3.576279e-04
3.330708e-04
3.716946e-04
3.249645e-04
3.199577e-04
3.275871e-04
3.356934e-04
3.118515e-04
3.173351e-04
3.602505e-04
3.669262e-04
3.108978e-04
3.151894e-04
3.316402e-04
3.423691e-04
3.111362e-04
3.364086e-04
3.213882e-04
3.185272e-04
3.175735e-04
3.380775e-04
3.185272e-04
3.252029e-04
3.211498e-04
3.690720e-04
3.230572e-04
3.700256e-04
3.559589e-04
3.228188e-04
3.080368e-04
3.697872e-04
3.507137e-04
3.318787e-04
3.209114e-04
3.700256e-04
3.600121e-04
3.519058e-04
3.192425e-04
3.302097e-04
3.523827e-04
3.314018e-04
3.170967e-04
3.745556e-04
3.654957e-04
3.578663e-04
3.147125e-04
3.552437e-04
3.490448e-04
3.321171e-04
3.199577e-04
3.707409e-04
3.583431e-04
3.387928e-04
3.206730e-04
3.714561e-04
3.533363e-04
3.418922e-04
3.182888e-04
3.418922e-04
3.542900e-04
3.142357e-04
3.149509e-04
3.621578e-04
3.459454e-04
3.356934e-04
3.144741e-04
3.705025e-04
3.588200e-04
3.476143e-04
3.178120e-04
3.240108e-04
3.547668e-04
3.824234e-04
3.149509e-04
3.702641e-04
3.612041e-04
3.175735e-04
3.147125e-04
3.657341e-04
3.447533e-04
3.421307e-04
3.283024e-04
3.514290e-04
3.411770e-04
3.132820e-04
3.316402e-04
3.731251e-04
3.311634e-04
3.619194e-04
3.435612e-04
3.609657e-04
3.457069e-04
3.590584e-04
3.435612e-04
3.485680e-04
3.359318e-04
3.640652e-04
3.435612e-04
3.535748e-04
3.488064e-04
3.688335e-04
3.182888e-04
3.669262e-04
3.309250e-04
3.170967e-04
3.292561e-04
3.657341e-04
3.767014e-04
3.454685e-04
3.364086e-04
3.554821e-04
3.345013e-04
3.175735e-04
3.292561e-04
3.697872e-04
3.871918e-04
3.209114e-04
3.280640e-04
3.566742e-04
3.414154e-04
3.643036e-04
3.292561e-04
3.163815e-04
3.311634e-04
3.590584e-04
3.273487e-04
3.392696e-04
3.278255e-04
3.602505e-04
3.411770e-04
3.182888e-04
3.516674e-04
3.588200e-04
3.321171e-04
3.290176e-04
3.380775e-04
3.600121e-04
3.144741e-04
3.528595e-04
3.416538e-04
3.161430e-04
3.345013e-04
3.206730e-04
3.309250e-04
3.690720e-04
3.252029e-04
3.154278e-04
3.337860e-04
3.628731e-04
3.075600e-04
3.409386e-04
3.259182e-04
3.561974e-04
3.106594e-04
3.468990e-04
3.411770e-04
3.139973e-04
3.323555e-04
3.175735e-04
3.278255e-04
3.595352e-04
3.082752e-04
3.173351e-04
3.280640e-04
3.135204e-04
3.283024e-04
3.147125e-04
3.349781e-04
3.387928e-04
3.466606e-04
3.397465e-04
3.473759e-04
3.452301e-04
3.483295e-04
3.192425e-04
3.278255e-04
3.600121e-04
3.292561e-04
3.626347e-04
3.492832e-04
3.232956e-04
3.504753e-04
3.604889e-04
3.581047e-04
3.588200e-04
3.302097e-04
3.592968e-04
3.302097e-04
3.564358e-04
3.390312e-04
3.736019e-04
3.337860e-04
3.159046e-04
3.302097e-04
3.557205e-04
3.414154e-04
3.550053e-04
3.385544e-04
3.561974e-04
3.352165e-04
3.166199e-04
3.352165e-04
3.592968e-04
3.376007e-04
3.271103e-04
3.376007e-04
3.561974e-04
3.302097e-04
3.592968e-04
3.073215e-04
3.387928e-04
3.535748e-04
3.595352e-04
3.385544e-04
3.557205e-04
3.333092e-04
3.254414e-04
3.311634e-04
3.554821e-04
3.347397e-04
3.170967e-04
3.345013e-04
3.576279e-04
3.335476e-04
3.249645e-04
3.399849e-04
3.590584e-04
3.368855e-04
3.213882e-04
3.294945e-04
3.700256e-04
3.378391e-04
3.206730e-04
3.309250e-04
3.576279e-04
3.409386e-04
3.173351e-04
3.342628e-04
3.378391e-04
3.762245e-04
3.414154e-04
3.471375e-04
3.449917e-04
3.421307e-04
3.173351e-04
3.314018e-04
3.187656e-04
3.473759e-04
3.380775e-04
3.449917e-04
3.383160e-04
3.466606e-04
3.466606e-04
3.437996e-04
3.180504e-04
3.457069e-04
3.557205e-04
3.066063e-04
3.192425e-04
3.547668e-04
3.569126e-04
3.104210e-04
3.170967e-04
3.764629e-04
3.437996e-04
3.135204e-04
3.571510e-04
3.433228e-04
3.595352e-04
3.314018e-04
3.173351e-04
3.292561e-04
3.159046e-04
3.280640e-04
3.569126e-04
3.354549e-04
3.170967e-04
3.390312e-04
3.230572e-04
3.347397e-04
3.395081e-04
3.318787e-04
3.464222e-04
3.273487e-04
3.173351e-04
3.395081e-04
3.221035e-04
3.302097e-04
3.161430e-04
3.316402e-04
3.180504e-04
3.292561e-04
3.566742e-04
3.345013e-04
3.173351e-04
3.335476e-04
3.168583e-04
3.309250e-04
3.290176e-04
3.340244e-04
3.173351e-04
3.309250e-04
3.170967e-04
3.299713e-04
3.530979e-04
3.383160e-04
3.209114e-04
3.309250e-04
3.399849e-04
3.314018e-04
3.633499e-04
3.166199e-04
3.600121e-04
3.454685e-04
3.216267e-04
3.416538e-04
3.602505e-04
3.478527e-04
3.325939e-04
3.404617e-04
3.502369e-04
3.728867e-04
3.421307e-04
3.292561e-04
3.490448e-04
3.595352e-04
3.275871e-04
3.273487e-04
3.068447e-04
3.731251e-04
3.070831e-04
3.309250e-04
3.468990e-04
3.626347e-04
3.333092e-04
3.278255e-04
3.502369e-04
3.426075e-04
3.418922e-04
3.178120e-04
3.449917e-04
3.368855e-04
3.561974e-04
3.330708e-04
3.576279e-04
3.335476e-04
3.170967e-04
3.101826e-04
3.449917e-04
3.263950e-04
3.473759e-04
3.268719e-04
3.445148e-04
3.800392e-04
3.418922e-04
3.128052e-04
3.442764e-04
3.557205e-04
3.461838e-04
3.376007e-04
3.485680e-04
3.311634e-04
3.213882e-04
3.299713e-04
3.476143e-04
3.592968e-04
3.483295e-04
3.397465e-04
3.452301e-04
3.335476e-04
3.144741e-04
3.306866e-04
3.504753e-04
3.728867e-04
3.457069e-04
3.373623e-04
3.418922e-04
3.802776e-04
3.495216e-04
3.304482e-04
3.464222e-04
3.213882e-04
3.490448e-04
3.299713e-04
3.454685e-04
3.337860e-04
3.557205e-04
3.440380e-04
3.499985e-04
3.302097e-04
3.461838e-04
3.299713e-04
3.483295e-04
3.271103e-04
3.557205e-04
3.268719e-04
3.437996e-04
3.314018e-04
3.521442e-04
3.349781e-04
3.452301e-04
3.275871e-04
3.175735e-04
3.342628e-04
3.497601e-04
3.271103e-04
3.476143e-04
3.278255e-04
3.566742e-04
3.294945e-04
3.175735e-04
3.414154e-04
3.459454e-04
3.268719e-04
3.521442e-04
3.266335e-04
3.693104e-04
3.776550e-04
3.416538e-04
3.333092e-04
3.519058e-04
3.271103e-04
3.440380e-04
3.373623e-04
3.488064e-04
3.337860e-04
3.180504e-04
3.089905e-04
3.449917e-04
3.309250e-04
3.433228e-04
3.230572e-04
3.488064e-04
3.616810e-04
3.454685e-04
3.278255e-04
3.485680e-04
3.337860e-04
3.528595e-04
3.275871e-04
3.709793e-04
3.762245e-04
3.123283e-04
3.299713e-04
3.609657e-04
3.347397e-04
3.452301e-04
3.302097e-04
3.492832e-04
3.297329e-04
3.461838e-04
3.266335e-04
3.454685e-04
3.266335e-04
3.190041e-04
3.232956e-04
3.502369e-04
3.271103e-04
3.435612e-04
3.139973e-04
3.526211e-04
3.607273e-04
3.380775e-04
3.230572e-04
3.573895e-04
3.685951e-04
3.457069e-04
3.328323e-04
3.476143e-04
3.271103e-04
3.700256e-04
3.273487e-04
3.616810e-04
3.299713e-04
3.457069e-04
3.271103e-04
3.654957e-04
3.309250e-04
3.483295e-04
3.328323e-04
3.728867e-04
3.266335e-04
3.180504e-04
3.302097e-04
3.492832e-04
3.275871e-04
3.447533e-04
3.299713e-04
3.759861e-04
3.380775e-04
3.457069e-04
3.328323e-04
3.499985e-04
3.266335e-04
3.476143e-04
3.390312e-04
3.623962e-04
3.628731e-04
3.547668e-04
3.271103e-04
3.435612e-04
3.237724e-04
3.461838e-04
3.218651e-04
3.449917e-04
3.294945e-04
3.416538e-04
3.616810e-04
3.993511e-04
3.542900e-04
3.306866e-04
3.378391e-04
3.380775e-04
3.659725e-04
3.280640e-04
3.135204e-04
3.414154e-04
3.142357e-04
3.314018e-04
3.159046e-04
3.802776e-04
3.654957e-04
3.314018e-04
3.056526e-04
3.416538e-04
3.590584e-04
3.311634e-04
3.185272e-04
3.731251e-04
3.583431e-04
3.557205e-04
3.192425e-04
3.318787e-04
3.097057e-04
3.304482e-04
3.120899e-04
3.523827e-04
3.695488e-04
3.743172e-04
3.225803e-04
3.311634e-04
3.128052e-04
3.387928e-04
3.194809e-04
3.383160e-04
3.645420e-04
3.433228e-04
3.056526e-04
3.340244e-04
3.552437e-04
3.602505e-04
3.199577e-04
3.292561e-04
3.654957e-04
3.395081e-04
3.197193e-04
3.314018e-04
3.120899e-04
3.368855e-04
3.159046e-04
3.342628e-04
3.230572e-04
3.387928e-04
3.292561e-04
3.082752e-04
3.440380e-04
3.156662e-04
3.144741e-04
3.161430e-04
3.333092e-04
3.221035e-04
3.333092e-04
3.168583e-04
3.356934e-04
3.213882e-04
3.268719e-04
3.197193e-04
3.237724e-04
3.190041e-04
3.132820e-04
3.166199e-04
3.349781e-04
3.492832e-04
3.352165e-04
3.132820e-04
3.299713e-04
3.199577e-04
3.335476e-04
3.173351e-04
3.337860e-04
3.516674e-04
3.304482e-04
3.213882e-04
3.275871e-04
3.411770e-04
3.368855e-04
3.149509e-04
3.347397e-04
3.161430e-04
3.130436e-04
3.306866e-04
3.385544e-04
3.161430e-04
3.333092e-04
3.228188e-04
3.411770e-04
3.175735e-04
3.323555e-04
3.170967e-04
