3.745556e-04
3.876686e-04
3.871918e-04
3.912449e-04
4.298687e-04
3.771782e-04
3.883839e-04
3.752708e-04
4.100800e-04
3.769398e-04
3.890991e-04
3.862381e-04
4.196167e-04
3.821850e-04
3.895760e-04
4.081726e-04
3.800392e-04
3.833771e-04
3.807545e-04
3.783703e-04
4.127026e-04
3.621578e-04
3.755093e-04
3.681183e-04
3.967285e-04
3.743172e-04
3.757477e-04
3.612041e-04
3.697872e-04
3.669262e-04
3.747940e-04
3.581047e-04
3.721714e-04
3.695488e-04
3.716946e-04
3.659725e-04
3.864765e-04
3.831387e-04
4.079342e-04
3.838539e-04
3.888607e-04
3.728867e-04
3.876686e-04
3.974438e-04
4.057884e-04
3.910065e-04
3.974438e-04
4.048347e-04
3.724098e-04
3.900528e-04
3.738403e-04
3.795624e-04
3.995895e-04
3.883839e-04
4.117489e-04
3.933907e-04
3.921986e-04
3.983974e-04
3.826618e-04
3.800392e-04
4.036427e-04
3.991127e-04
3.666878e-04
3.800392e-04
3.731251e-04
3.931522e-04
4.088879e-04
4.205704e-04
4.041195e-04
3.926754e-04
3.645420e-04
3.845692e-04
3.888607e-04
3.933907e-04
3.752708e-04
3.829002e-04
3.955364e-04
3.886223e-04
3.623962e-04
4.048347e-04
3.857613e-04
3.926754e-04
3.714561e-04
3.836155e-04
4.096031e-04
3.910065e-04
3.707409e-04
3.831387e-04
3.781319e-04
3.976822e-04
3.786087e-04
3.771782e-04
4.003048e-04
3.936291e-04
4.136562e-04
3.807545e-04
3.635883e-04
3.871918e-04
3.993511e-04
3.817081e-04
3.654957e-04
3.931522e-04
3.685951e-04
4.067421e-04
4.100800e-04
4.007816e-04
3.700256e-04
3.969669e-04
4.014969e-04
3.793240e-04
3.550053e-04
3.802776e-04
4.074574e-04
3.881454e-04
3.721714e-04
3.821850e-04
3.609657e-04
3.824234e-04
3.705025e-04
3.793240e-04
3.893375e-04
3.867149e-04
3.731251e-04
3.781319e-04
4.000664e-04
3.819466e-04
3.583431e-04
3.879070e-04
3.902912e-04
3.845692e-04
3.652573e-04
3.714561e-04
3.693104e-04
3.864765e-04
3.688335e-04
4.162788e-04
3.888607e-04
3.504753e-04
3.693104e-04
3.786087e-04
4.019737e-04
3.793240e-04
3.695488e-04
3.800392e-04
3.855228e-04
3.914833e-04
3.621578e-04
4.208088e-04
3.938675e-04
3.867149e-04
3.685951e-04
3.867149e-04
3.690720e-04
4.000664e-04
4.062653e-04
3.669262e-04
3.931522e-04
4.012585e-04
3.690720e-04
3.826618e-04
3.798008e-04
3.960133e-04
3.652573e-04
3.893375e-04
4.236698e-04
3.690720e-04
4.224777e-04
3.869534e-04
3.829002e-04
3.688335e-04
3.924370e-04
3.929138e-04
3.788471e-04
3.964901e-04
3.979206e-04
3.983974e-04
3.829002e-04
3.693104e-04
3.707409e-04
4.005432e-04
3.728867e-04
3.759861e-04
3.921986e-04
3.643036e-04
3.757477e-04
3.743172e-04
3.657341e-04
3.952980e-04
3.831387e-04
3.960133e-04
3.890991e-04
3.919601e-04
3.876686e-04
3.712177e-04
3.950596e-04
4.036427e-04
3.788471e-04
3.955364e-04
4.012585e-04
3.750324e-04
3.995895e-04
3.724098e-04
3.683567e-04
3.919601e-04
3.900528e-04
3.912449e-04
3.902912e-04
3.819466e-04
4.031658e-04
3.955364e-04
3.616810e-04
3.712177e-04
3.972054e-04
4.031658e-04
4.222393e-04
3.621578e-04
3.705025e-04
3.681183e-04
3.619194e-04
3.724098e-04
3.752708e-04
3.941059e-04
3.941059e-04
3.831387e-04
4.038811e-04
3.921986e-04
3.607273e-04
3.859997e-04
3.998280e-04
3.957748e-04
3.688335e-04
3.559589e-04
3.993511e-04
3.690720e-04
3.609657e-04
3.771782e-04
3.862381e-04
3.664494e-04
4.017353e-04
3.614426e-04
4.088879e-04
3.747940e-04
3.707409e-04
3.643036e-04
4.062653e-04
3.602505e-04
3.910065e-04
3.654957e-04
4.103184e-04
3.921986e-04
3.678799e-04
3.600121e-04
3.921986e-04
4.210472e-04
3.933907e-04
3.652573e-04
3.790855e-04
3.790855e-04
4.110336e-04
3.955364e-04
3.893375e-04
4.065037e-04
3.616810e-04
3.590584e-04
3.821850e-04
4.000664e-04
3.838539e-04
3.724098e-04
4.200935e-04
3.995895e-04
3.910065e-04
3.757477e-04
3.879070e-04
3.747940e-04
3.736019e-04
3.688335e-04
3.831387e-04
4.084110e-04
3.647804e-04
3.592968e-04
3.862381e-04
4.138947e-04
3.685951e-04
3.752708e-04
4.200935e-04
4.045963e-04
3.859997e-04
3.690720e-04
3.857613e-04
3.728867e-04
4.167557e-04
4.122257e-04
4.227161e-04
3.972054e-04
3.976822e-04
4.122257e-04
4.074574e-04
3.836155e-04
3.902912e-04
3.659725e-04
4.200935e-04
4.036427e-04
3.721714e-04
3.683567e-04
3.654957e-04
3.924370e-04
3.976822e-04
3.650188e-04
4.103184e-04
3.654957e-04
3.743172e-04
3.895760e-04
4.222393e-04
3.933907e-04
4.138947e-04
3.807545e-04
3.757477e-04
4.096031e-04
4.110336e-04
4.329681e-04
3.962517e-04
3.809929e-04
4.017353e-04
3.881454e-04
3.590584e-04
3.514290e-04
4.022121e-04
3.750324e-04
3.831387e-04
4.000664e-04
3.619194e-04
3.793240e-04
4.043579e-04
3.969669e-04
4.012585e-04
4.239082e-04
3.888607e-04
3.516674e-04
4.038811e-04
3.817081e-04
3.612041e-04
3.526211e-04
3.869534e-04
4.200935e-04
3.843307e-04
3.962517e-04
3.659725e-04
3.821850e-04
4.026890e-04
3.516674e-04
4.086494e-04
3.790855e-04
3.829002e-04
3.509521e-04
3.650188e-04
3.767014e-04
3.664494e-04
3.957748e-04
3.893375e-04
3.771782e-04
3.893375e-04
3.483295e-04
4.086494e-04
3.824234e-04
3.657341e-04
3.509521e-04
3.895760e-04
4.203320e-04
3.938675e-04
3.964901e-04
3.683567e-04
3.790855e-04
3.635883e-04
3.950596e-04
3.893375e-04
4.217625e-04
3.845692e-04
3.933907e-04
3.683567e-04
3.831387e-04
3.662109e-04
3.476143e-04
3.905296e-04
4.227161e-04
3.902912e-04
3.943443e-04
3.683567e-04
3.824234e-04
3.654957e-04
3.476143e-04
3.955364e-04
3.914833e-04
3.855228e-04
3.962517e-04
4.105568e-04
3.755093e-04
3.695488e-04
3.919601e-04
3.912449e-04
3.764629e-04
4.324913e-04
3.931522e-04
3.712177e-04
3.750324e-04
4.060268e-04
3.943443e-04
3.886223e-04
4.210472e-04
4.312992e-04
3.895760e-04
3.829002e-04
3.967285e-04
3.869534e-04
4.334450e-04
3.757477e-04
4.260540e-04
3.714561e-04
3.926754e-04
4.029274e-04
4.034042e-04
3.752708e-04
3.769398e-04
4.200935e-04
3.621578e-04
3.619194e-04
4.124641e-04
4.060268e-04
4.017353e-04
3.736019e-04
3.726482e-04
3.607273e-04
3.969669e-04
3.728867e-04
3.705025e-04
4.069805e-04
3.740788e-04
3.736019e-04
3.900528e-04
3.750324e-04
3.998280e-04
3.755093e-04
3.757477e-04
3.960133e-04
4.067421e-04
3.724098e-04
4.003048e-04
3.645420e-04
4.093647e-04
3.755093e-04
3.721714e-04
4.181862e-04
3.678799e-04
3.786087e-04
3.771782e-04
3.855228e-04
4.065037e-04
3.721714e-04
3.700256e-04
3.931522e-04
4.093647e-04
3.759861e-04
3.607273e-04
3.757477e-04
3.955364e-04
3.769398e-04
3.721714e-04
4.076958e-04
4.003048e-04
3.845692e-04
3.695488e-04
3.991127e-04
3.829002e-04
4.196167e-04
3.826618e-04
4.074574e-04
4.398823e-04
3.564358e-04
3.759861e-04
3.676414e-04
3.829002e-04
3.845692e-04
3.685951e-04
3.595352e-04
4.148483e-04
3.643036e-04
3.514290e-04
4.160404e-04
4.167557e-04
3.654957e-04
3.604889e-04
3.921986e-04
4.072189e-04
3.709793e-04
3.371239e-04
4.110336e-04
4.127026e-04
4.017353e-04
3.819466e-04
3.895760e-04
3.654957e-04
3.805161e-04
3.747940e-04
4.138947e-04
3.931522e-04
3.647804e-04
3.786087e-04
3.800392e-04
3.702641e-04
3.683567e-04
3.724098e-04
4.191399e-04
4.324913e-04
3.688335e-04
3.623962e-04
3.826618e-04
4.165173e-04
3.724098e-04
3.747940e-04
4.169941e-04
4.012585e-04
3.671646e-04
3.583431e-04
3.848076e-04
3.805161e-04
3.683567e-04
3.740788e-04
4.200935e-04
4.141331e-04
3.645420e-04
3.690720e-04
3.807545e-04
4.177094e-04
3.728867e-04
3.798008e-04
4.191399e-04
3.693104e-04
3.640652e-04
3.724098e-04
3.824234e-04
4.103184e-04
3.731251e-04
3.709793e-04
4.215240e-04
4.081726e-04
3.657341e-04
3.755093e-04
3.955364e-04
3.726482e-04
3.795624e-04
3.759861e-04
4.215240e-04
4.403591e-04
3.662109e-04
3.721714e-04
3.855228e-04
3.759861e-04
4.043579e-04
3.919601e-04
3.898144e-04
3.955364e-04
3.893375e-04
3.755093e-04
3.805161e-04
3.745556e-04
3.929138e-04
3.781319e-04
3.786087e-04
3.948212e-04
3.924370e-04
3.740788e-04
3.802776e-04
3.726482e-04
3.933907e-04
3.786087e-04
3.855228e-04
3.938675e-04
3.888607e-04
3.790855e-04
3.950596e-04
3.714561e-04
3.926754e-04
3.800392e-04
3.936291e-04
3.952980e-04
3.852844e-04
3.750324e-04
3.783703e-04
3.921986e-04
3.819466e-04
3.852844e-04
4.200935e-04
3.967285e-04
3.933907e-04
3.762245e-04
3.898144e-04
3.585815e-04
3.862381e-04
3.850460e-04
3.786087e-04
3.902912e-04
3.883839e-04
3.790855e-04
3.864765e-04
3.926754e-04
3.819466e-04
3.793240e-04
3.750324e-04
3.929138e-04
3.852844e-04
3.707409e-04
3.762245e-04
3.724098e-04
3.974438e-04
3.809929e-04
3.855228e-04
3.976822e-04
3.919601e-04
3.724098e-04
3.850460e-04
3.776550e-04
3.883839e-04
3.774166e-04
3.890991e-04
3.988743e-04
3.960133e-04
3.759861e-04
3.845692e-04
3.702641e-04
3.724098e-04
3.764629e-04
4.198551e-04
3.924370e-04
3.933907e-04
4.167557e-04
4.301071e-04
3.845692e-04
3.995895e-04
3.793240e-04
3.852844e-04
3.824234e-04
3.907681e-04
4.191399e-04
4.003048e-04
4.010201e-04
3.993511e-04
3.767014e-04
3.764629e-04
3.893375e-04
3.972054e-04
4.203320e-04
4.398823e-04
3.795624e-04
3.995895e-04
3.809929e-04
3.809929e-04
3.886223e-04
3.983974e-04
4.279613e-04
4.000664e-04
3.740788e-04
4.084110e-04
3.724098e-04
3.829002e-04
3.855228e-04
4.129410e-04
4.198551e-04
4.274845e-04
3.759861e-04
4.079342e-04
3.781319e-04
3.826618e-04
3.976822e-04
3.890991e-04
4.236698e-04
3.995895e-04
3.750324e-04
4.065037e-04
3.755093e-04
3.874302e-04
3.960133e-04
3.943443e-04
4.203320e-04
4.000664e-04
4.217625e-04
3.998280e-04
3.743172e-04
3.788471e-04
4.241467e-04
4.017353e-04
4.251003e-04
3.964901e-04
3.721714e-04
3.988743e-04
3.776550e-04
3.855228e-04
3.962517e-04
3.979206e-04
4.167557e-04
4.360676e-04
3.683567e-04
4.043579e-04
3.750324e-04
3.910065e-04
3.979206e-04
3.926754e-04
4.203320e-04
3.991127e-04
3.881454e-04
4.014969e-04
3.745556e-04
3.764629e-04
4.026890e-04
3.991127e-04
4.193783e-04
3.964901e-04
3.914833e-04
4.093647e-04
3.745556e-04
3.824234e-04
4.041195e-04
4.000664e-04
3.759861e-04
4.303455e-04
3.788471e-04
4.029274e-04
3.728867e-04
3.831387e-04
4.038811e-04
4.034042e-04
4.162788e-04
4.367828e-04
3.764629e-04
3.921986e-04
4.186630e-04
3.824234e-04
3.998280e-04
3.900528e-04
3.807545e-04
4.260540e-04
3.905296e-04
3.521442e-04
3.714561e-04
3.724098e-04
4.005432e-04
3.888607e-04
4.036427e-04
4.453659e-04
3.867149e-04
3.931522e-04
4.241467e-04
3.964901e-04
3.967285e-04
3.657341e-04
3.814697e-04
4.210472e-04
3.759861e-04
3.960133e-04
3.757477e-04
3.855228e-04
4.067421e-04
3.654957e-04
4.129410e-04
4.229546e-04
3.764629e-04
3.540516e-04
4.196167e-04
4.003048e-04
4.031658e-04
3.910065e-04
3.764629e-04
4.291534e-04
3.769398e-04
3.938675e-04
3.783703e-04
3.752708e-04
3.881454e-04
3.845692e-04
3.774166e-04
4.267693e-04
3.819466e-04
3.924370e-04
4.208088e-04
3.952980e-04
4.062653e-04
3.890991e-04
3.836155e-04
3.871918e-04
3.733635e-04
3.526211e-04
4.305840e-04
3.859997e-04
4.017353e-04
3.910065e-04
3.805161e-04
4.198551e-04
3.731251e-04
3.888607e-04
4.196167e-04
3.967285e-04
3.929138e-04
3.728867e-04
3.757477e-04
3.864765e-04
4.010201e-04
3.981590e-04
4.227161e-04
3.733635e-04
3.926754e-04
3.888607e-04
3.781319e-04
3.850460e-04
3.581047e-04
3.890991e-04
3.790855e-04
3.855228e-04
4.105568e-04
3.900528e-04
3.783703e-04
4.298687e-04
3.790855e-04
3.528595e-04
4.377365e-04
3.829002e-04
3.955364e-04
3.666878e-04
3.924370e-04
4.265308e-04
3.798008e-04
3.514290e-04
3.774166e-04
3.838539e-04
4.098415e-04
3.895760e-04
3.807545e-04
4.191399e-04
3.795624e-04
3.914833e-04
4.322529e-04
3.921986e-04
4.084110e-04
3.895760e-04
3.776550e-04
3.826618e-04
3.707409e-04
3.883839e-04
4.229546e-04
3.964901e-04
3.955364e-04
3.888607e-04
3.831387e-04
4.253387e-04
3.759861e-04
3.809929e-04
4.210472e-04
3.931522e-04
4.146099e-04
3.910065e-04
3.862381e-04
4.260540e-04
3.757477e-04
3.559589e-04
4.229546e-04
3.895760e-04
3.972054e-04
3.650188e-04
3.800392e-04
4.324913e-04
3.781319e-04
3.931522e-04
4.272461e-04
3.821850e-04
3.929138e-04
3.876686e-04
3.771782e-04
3.817081e-04
3.726482e-04
3.931522e-04
3.762245e-04
3.838539e-04
3.957748e-04
3.869534e-04
3.719330e-04
3.924370e-04
3.781319e-04
3.917217e-04
3.740788e-04
3.983974e-04
3.621578e-04
3.736019e-04
3.798008e-04
4.255772e-04
3.976822e-04
3.569126e-04
3.726482e-04
3.795624e-04
4.243851e-04
3.855228e-04
3.798008e-04
4.270077e-04
3.736019e-04
3.929138e-04
4.191399e-04
3.733635e-04
3.926754e-04
3.929138e-04
3.750324e-04
4.236698e-04
3.769398e-04
3.979206e-04
3.740788e-04
3.814697e-04
4.057884e-04
3.902912e-04
3.786087e-04
4.267693e-04
3.790855e-04
3.976822e-04
3.747940e-04
3.781319e-04
4.007816e-04
3.886223e-04
3.864765e-04
4.289150e-04
3.798008e-04
3.955364e-04
3.759861e-04
3.802776e-04
4.072189e-04
3.936291e-04
3.788471e-04
4.274845e-04
3.783703e-04
3.957748e-04
4.167557e-04
3.836155e-04
4.007816e-04
3.695488e-04
3.788471e-04
4.260540e-04
3.805161e-04
3.566742e-04
3.788471e-04
3.712177e-04
4.053116e-04
3.900528e-04
3.788471e-04
4.272461e-04
3.759861e-04
3.974438e-04
3.714561e-04
3.817081e-04
3.948212e-04
3.924370e-04
4.191399e-04
4.272461e-04
3.829002e-04
3.967285e-04
3.728867e-04
3.824234e-04
3.972054e-04
3.888607e-04
4.198551e-04
4.022121e-04
3.755093e-04
4.005432e-04
3.724098e-04
3.769398e-04
3.929138e-04
3.907681e-04
4.191399e-04
3.986359e-04
3.933907e-04
4.036427e-04
3.685951e-04
3.829002e-04
3.929138e-04
3.919601e-04
4.234314e-04
4.000664e-04
3.676414e-04
4.019737e-04
3.871918e-04
3.809929e-04
3.952980e-04
3.914833e-04
4.222393e-04
4.034042e-04
3.724098e-04
3.957748e-04
3.712177e-04
3.855228e-04
3.855228e-04
3.957748e-04
4.172325e-04
4.272461e-04
3.771782e-04
4.019737e-04
3.767014e-04
3.819466e-04
3.960133e-04
