4.621501e-01
4.584458e-01
4.582245e-01
4.582074e-01
4.578602e-01
4.581809e-01
4.581230e-01
4.588411e-01
4.583845e-01
4.580526e-01
4.579134e-01
4.581687e-01
4.581637e-01
4.579601e-01
4.583323e-01
4.584386e-01
4.579515e-01
4.579322e-01
4.579623e-01
4.582744e-01
4.581664e-01
4.583476e-01
4.581487e-01
4.581523e-01
4.579082e-01
4.580753e-01
4.582548e-01
4.579368e-01
4.580979e-01
4.580646e-01
4.582026e-01
4.581084e-01
4.584863e-01
4.586709e-01
4.580343e-01
4.578955e-01
4.579611e-01
4.580190e-01
4.578655e-01
4.578812e-01
4.578753e-01
4.580560e-01
4.579613e-01
4.579575e-01
4.578369e-01
4.579048e-01
4.579120e-01
4.578707e-01
4.579222e-01
4.578669e-01
4.579124e-01
4.578524e-01
4.578481e-01
4.576395e-01
4.577641e-01
4.585388e-01
4.582901e-01
4.581406e-01
4.575388e-01
4.577794e-01
4.575169e-01
4.582484e-01
4.578624e-01
4.579010e-01
4.608064e-01
4.577603e-01
4.576983e-01
4.579132e-01
4.580390e-01
4.578955e-01
4.580703e-01
4.575758e-01
4.575138e-01
4.574904e-01
4.574926e-01
4.579675e-01
4.578252e-01
4.578898e-01
4.575596e-01
4.577324e-01
4.577866e-01
4.576433e-01
4.578617e-01
4.575613e-01
4.578788e-01
4.577117e-01
4.573989e-01
4.579473e-01
4.579594e-01
4.574921e-01
4.577332e-01
4.580588e-01
4.573429e-01
4.579012e-01
4.575942e-01
4.575856e-01
4.577398e-01
4.572465e-01
4.574666e-01
4.574485e-01
4.571893e-01
4.575155e-01
4.578171e-01
4.574234e-01
4.576972e-01
4.579191e-01
4.574740e-01
4.574108e-01
4.574578e-01
4.579804e-01
4.575784e-01
4.578090e-01
4.574735e-01
4.573951e-01
4.574013e-01
4.573128e-01
4.578433e-01
4.576666e-01
4.579320e-01
4.571788e-01
4.578707e-01
4.575570e-01
4.574926e-01
4.575717e-01
4.570534e-01
4.573073e-01
4.573631e-01
4.574881e-01
4.574230e-01
4.574475e-01
4.569950e-01
4.574022e-01
4.570627e-01
4.573033e-01
4.573829e-01
4.572616e-01
4.573483e-01
4.574928e-01
4.573095e-01
4.574275e-01
4.572730e-01
4.574435e-01
4.576128e-01
4.572368e-01
4.572556e-01
4.572313e-01
4.575045e-01
4.572506e-01
4.573288e-01
4.576354e-01
4.576545e-01
4.576888e-01
4.577041e-01
4.571450e-01
4.574080e-01
4.572318e-01
4.575312e-01
4.573448e-01
4.587088e-01
4.587491e-01
4.588554e-01
4.587786e-01
4.588118e-01
4.588463e-01
4.585879e-01
4.587665e-01
4.587545e-01
4.589179e-01
4.587445e-01
4.586005e-01
4.588976e-01
4.588268e-01
4.589248e-01
4.588954e-01
4.588459e-01
4.589739e-01
4.589517e-01
4.588504e-01
4.589221e-01
4.587486e-01
4.587998e-01
4.589517e-01
4.589550e-01
4.589565e-01
4.590354e-01
4.587204e-01
4.588101e-01
4.588568e-01
4.586115e-01
4.585781e-01
4.590528e-01
4.588110e-01
4.590456e-01
4.590099e-01
4.588680e-01
4.591486e-01
4.590201e-01
4.587276e-01
4.589124e-01
4.591317e-01
4.590666e-01
4.587901e-01
4.587421e-01
4.590325e-01
4.589608e-01
4.588675e-01
4.591312e-01
4.589276e-01
4.590137e-01
4.589286e-01
4.590425e-01
4.590163e-01
4.592474e-01
4.588213e-01
4.589992e-01
4.589458e-01
4.592822e-01
4.590235e-01
4.591711e-01
4.590595e-01
4.590874e-01
4.592233e-01
4.574471e-01
4.583774e-01
4.586632e-01
4.583945e-01
4.586625e-01
4.586155e-01
4.582000e-01
4.584725e-01
4.580874e-01
4.574165e-01
4.576268e-01
4.590933e-01
4.577992e-01
4.576712e-01
4.573879e-01
4.579427e-01
4.581521e-01
4.581559e-01
4.579456e-01
4.581289e-01
4.579198e-01
4.580748e-01
4.585159e-01
4.585936e-01
4.584033e-01
4.584842e-01
4.577503e-01
4.578557e-01
4.576137e-01
4.576895e-01
4.584601e-01
4.582813e-01
4.583862e-01
4.572372e-01
4.579585e-01
4.577146e-01
4.576335e-01
4.580441e-01
4.579492e-01
4.579172e-01
4.582448e-01
4.581127e-01
4.576063e-01
4.578447e-01
4.575891e-01
4.597862e-01
4.611912e-01
4.611323e-01
4.612663e-01
4.611793e-01
4.612362e-01
4.613130e-01
4.611726e-01
4.613378e-01
4.609432e-01
4.638622e-01
4.636300e-01
4.636698e-01
4.635231e-01
4.638298e-01
4.637568e-01
4.637992e-01
4.635897e-01
4.637756e-01
4.638598e-01
4.635828e-01
4.637196e-01
4.636941e-01
4.635243e-01
4.636014e-01
4.637311e-01
4.635518e-01
4.637311e-01
4.636486e-01
4.639487e-01
4.638004e-01
4.636357e-01
4.638822e-01
4.640198e-01
4.650812e-01
4.652386e-01
4.655159e-01
4.651210e-01
4.650016e-01
4.652052e-01
4.651277e-01
4.650495e-01
4.651451e-01
4.647882e-01
4.648893e-01
4.651151e-01
4.646935e-01
4.649603e-01
4.651184e-01
4.646349e-01
4.650388e-01
4.651101e-01
4.650271e-01
4.650080e-01
4.649806e-01
4.650791e-01
4.651101e-01
4.650269e-01
4.650705e-01
4.650064e-01
4.650638e-01
4.647601e-01
4.648273e-01
4.649184e-01
4.650118e-01
4.649491e-01
4.651012e-01
4.652336e-01
4.650457e-01
4.650836e-01
4.648266e-01
4.650633e-01
4.692996e-01
4.694238e-01
4.694359e-01
4.693124e-01
4.695551e-01
4.691477e-01
