1.997590e-02
1.932240e-02
1.908755e-02
1.823711e-02
1.928306e-02
1.786041e-02
1.790833e-02
1.765108e-02
1.758790e-02
1.799154e-02
1.772022e-02
1.810265e-02
1.786542e-02
1.777267e-02
1.827955e-02
1.796842e-02
1.770878e-02
1.813507e-02
1.766276e-02
1.781678e-02
1.825500e-02
1.769185e-02
1.794672e-02
1.821995e-02
1.801562e-02
1.768661e-02
1.782680e-02
1.800418e-02
1.748013e-02
1.802778e-02
1.786661e-02
1.782656e-02
1.801014e-02
1.777172e-02
1.814198e-02
1.782894e-02
1.805711e-02
1.772594e-02
1.743770e-02
1.742315e-02
1.796007e-02
1.760530e-02
1.785445e-02
1.766872e-02
1.791358e-02
1.773620e-02
1.784587e-02
1.801324e-02
1.771641e-02
1.774478e-02
1.789308e-02
1.800323e-02
1.790547e-02
1.751733e-02
1.784325e-02
1.804328e-02
1.752782e-02
1.793003e-02
1.767468e-02
1.797056e-02
1.749349e-02
1.786375e-02
1.765466e-02
1.758957e-02
1.780343e-02
1.787734e-02
1.792741e-02
1.816010e-02
1.754522e-02
1.810265e-02
1.807547e-02
1.782274e-02
1.775503e-02
1.782680e-02
1.781201e-02
1.745558e-02
1.803970e-02
1.748443e-02
1.748085e-02
1.753807e-02
1.785922e-02
1.775241e-02
1.785874e-02
1.790738e-02
1.805544e-02
1.749730e-02
1.802135e-02
1.782751e-02
1.768804e-02
1.763988e-02
1.765156e-02
1.797295e-02
1.774907e-02
1.783013e-02
1.782393e-02
1.791191e-02
1.762080e-02
1.781440e-02
1.765084e-02
1.781583e-02
1.762295e-02
1.813531e-02
1.789331e-02
1.746273e-02
1.762152e-02
1.792121e-02
1.751018e-02
1.756930e-02
1.771617e-02
1.830697e-02
1.767206e-02
1.764870e-02
1.779437e-02
1.817012e-02
1.775908e-02
1.772332e-02
1.749206e-02
1.798391e-02
1.777196e-02
1.781869e-02
1.774144e-02
1.763535e-02
1.782584e-02
1.800609e-02
1.818419e-02
1.766872e-02
1.795650e-02
1.806927e-02
1.802945e-02
1.784468e-02
1.819658e-02
1.817536e-02
1.749563e-02
1.752806e-02
1.751995e-02
1.760411e-02
1.782155e-02
1.782918e-02
1.772642e-02
1.746011e-02
1.783061e-02
1.798463e-02
1.782727e-02
1.773143e-02
1.793599e-02
1.768064e-02
1.778817e-02
1.783895e-02
1.794171e-02
1.822853e-02
1.801896e-02
1.790476e-02
1.772547e-02
1.809621e-02
1.798773e-02
1.765680e-02
1.783657e-02
1.759934e-02
1.767015e-02
1.759958e-02
1.757526e-02
1.801229e-02
1.761389e-02
1.785469e-02
1.784682e-02
1.763725e-02
1.749206e-02
1.772189e-02
1.756239e-02
1.767015e-02
1.746440e-02
1.753330e-02
1.764274e-02
1.734376e-02
1.799679e-02
1.780891e-02
1.746464e-02
1.819682e-02
1.805711e-02
1.786661e-02
1.820445e-02
1.766229e-02
1.810241e-02
1.797199e-02
1.783347e-02
1.832986e-02
1.807165e-02
1.788449e-02
1.780677e-02
1.759291e-02
1.816559e-02
1.801395e-02
1.766849e-02
1.748896e-02
1.811576e-02
1.832008e-02
1.811218e-02
1.794434e-02
1.786733e-02
1.764512e-02
1.778555e-02
1.829243e-02
1.805401e-02
1.803637e-02
1.794982e-02
1.944518e-02
1.861024e-02
1.795602e-02
1.799250e-02
1.794171e-02
1.787758e-02
1.797175e-02
1.817107e-02
1.744866e-02
1.784182e-02
1.780868e-02
1.753449e-02
1.736784e-02
1.759934e-02
1.779079e-02
1.931524e-02
1.767206e-02
1.823592e-02
1.770735e-02
1.760340e-02
1.747227e-02
1.785421e-02
1.800799e-02
1.748633e-02
1.743698e-02
1.758313e-02
1.795602e-02
1.774526e-02
1.763940e-02
1.893258e-02
1.784635e-02
1.764297e-02
1.752615e-02
1.778293e-02
1.782990e-02
1.774454e-02
1.797605e-02
1.799250e-02
1.811051e-02
1.778126e-02
1.807261e-02
1.770711e-02
1.786041e-02
1.773953e-02
1.753902e-02
1.797962e-02
1.801419e-02
1.789117e-02
1.764798e-02
1.798463e-02
1.816773e-02
1.745486e-02
1.771855e-02
1.796675e-02
1.827121e-02
1.801968e-02
1.762867e-02
1.795387e-02
1.768541e-02
1.787949e-02
1.764464e-02
1.761198e-02
1.819825e-02
1.797676e-02
1.763129e-02
1.743889e-02
1.782632e-02
1.816463e-02
1.757669e-02
1.764441e-02
1.762509e-02
1.803899e-02
1.753426e-02
1.785970e-02
1.786613e-02
1.769233e-02
1.764035e-02
1.761293e-02
1.777935e-02
1.764011e-02
1.796651e-02
1.790571e-02
1.750255e-02
1.777530e-02
1.745415e-02
1.798987e-02
1.764703e-02
1.769733e-02
1.804519e-02
1.762342e-02
1.779604e-02
1.797628e-02
1.777935e-02
1.809835e-02
1.797462e-02
1.900601e-02
1.821065e-02
1.758790e-02
1.830673e-02
1.791072e-02
1.750588e-02
1.750684e-02
1.787972e-02
1.801181e-02
1.792669e-02
1.778555e-02
1.776958e-02
1.817369e-02
1.766658e-02
1.821971e-02
1.782084e-02
1.796556e-02
1.798892e-02
1.797676e-02
1.808476e-02
1.782775e-02
1.764464e-02
1.792264e-02
1.789761e-02
1.807046e-02
1.747775e-02
1.784301e-02
1.786852e-02
1.760912e-02
1.778483e-02
1.776457e-02
1.758146e-02
1.798892e-02
1.811934e-02
1.778150e-02
1.764965e-02
1.770544e-02
1.766443e-02
1.761866e-02
1.782489e-02
1.822090e-02
1.792550e-02
1.774025e-02
1.877451e-02
1.791263e-02
1.773262e-02
1.758146e-02
1.803279e-02
1.767945e-02
1.766229e-02
1.749730e-02
1.783919e-02
1.785064e-02
1.797318e-02
1.791286e-02
1.764917e-02
1.831961e-02
1.798010e-02
1.791811e-02
1.764488e-02
1.782942e-02
1.764607e-02
1.773858e-02
1.770544e-02
1.800919e-02
1.794887e-02
1.809645e-02
1.776409e-02
1.772094e-02
1.798606e-02
1.801753e-02
1.768875e-02
1.881909e-02
1.801491e-02
1.784682e-02
1.765180e-02
1.825714e-02
1.785111e-02
1.803780e-02
1.780295e-02
1.805139e-02
1.760888e-02
1.777363e-02
1.790977e-02
1.775098e-02
1.778078e-02
1.795745e-02
1.802397e-02
1.785851e-02
1.769757e-02
1.783323e-02
1.770973e-02
1.805735e-02
1.768088e-02
1.801062e-02
1.745272e-02
1.746607e-02
1.820207e-02
1.797104e-02
1.789403e-02
1.740217e-02
1.784754e-02
1.772881e-02
1.796174e-02
1.797128e-02
1.787758e-02
1.763797e-02
1.768088e-02
1.805234e-02
1.802754e-02
1.767921e-02
1.908898e-02
1.786637e-02
1.804137e-02
1.798201e-02
1.767588e-02
1.765752e-02
1.801205e-02
1.787138e-02
1.798224e-02
1.770997e-02
1.814747e-02
1.747608e-02
1.788425e-02
1.823115e-02
1.805735e-02
1.781559e-02
1.763153e-02
1.776433e-02
1.764297e-02
1.742101e-02
1.782060e-02
1.760221e-02
1.778388e-02
1.762891e-02
1.778579e-02
1.796579e-02
1.783156e-02
1.783872e-02
1.784515e-02
1.827598e-02
1.746106e-02
1.795387e-02
1.758313e-02
1.762199e-02
1.797938e-02
1.767015e-02
1.757646e-02
1.779318e-02
1.795936e-02
1.778412e-02
1.800966e-02
1.794863e-02
1.770616e-02
1.817966e-02
1.831198e-02
1.784039e-02
1.750541e-02
1.759887e-02
1.794696e-02
1.830506e-02
1.789856e-02
1.808405e-02
1.784372e-02
1.789021e-02
1.790810e-02
1.802468e-02
1.798987e-02
1.908755e-02
1.899028e-02
1.810575e-02
1.771283e-02
1.765847e-02
1.747417e-02
1.773381e-02
1.773047e-02
1.750469e-02
1.802731e-02
1.790690e-02
1.793885e-02
1.807570e-02
1.797652e-02
1.817060e-02
1.783109e-02
1.766181e-02
1.803017e-02
1.797175e-02
1.793098e-02
1.781511e-02
1.760530e-02
1.786876e-02
1.786995e-02
1.747179e-02
1.762319e-02
1.776290e-02
1.744699e-02
1.766467e-02
1.807213e-02
1.768565e-02
1.760364e-02
1.745462e-02
1.755166e-02
1.771259e-02
1.765347e-02
1.764035e-02
1.769876e-02
1.789737e-02
1.783276e-02
1.764631e-02
1.781917e-02
1.790786e-02
1.770520e-02
1.810861e-02
1.807666e-02
1.795626e-02
1.761913e-02
1.764870e-02
1.814985e-02
1.762486e-02
1.780248e-02
1.784444e-02
1.766467e-02
1.750541e-02
1.762915e-02
1.783562e-02
1.762176e-02
1.742911e-02
1.792288e-02
1.776838e-02
1.746368e-02
1.775694e-02
1.760721e-02
1.809120e-02
1.767755e-02
1.779175e-02
1.751137e-02
1.767755e-02
1.764679e-02
1.766229e-02
1.772809e-02
1.751614e-02
1.785350e-02
1.801324e-02
1.773858e-02
1.778936e-02
1.771140e-02
1.788282e-02
1.811862e-02
1.780677e-02
1.788163e-02
1.783800e-02
1.783752e-02
1.771903e-02
1.914310e-02
1.790309e-02
1.796484e-02
1.743174e-02
1.768351e-02
1.785064e-02
1.770091e-02
1.806378e-02
1.754451e-02
1.802349e-02
1.787806e-02
1.766825e-02
1.786709e-02
1.743150e-02
1.785684e-02
1.800776e-02
1.749015e-02
1.777697e-02
1.800871e-02
1.798749e-02
1.779079e-02
1.777244e-02
1.808858e-02
1.782632e-02
1.764441e-02
1.776195e-02
1.813984e-02
1.798606e-02
1.787162e-02
1.787353e-02
1.927805e-02
1.791573e-02
1.817441e-02
1.771593e-02
1.750040e-02
1.758122e-02
1.755166e-02
1.781654e-02
1.835680e-02
1.786590e-02
1.762462e-02
1.766205e-02
1.804090e-02
1.755309e-02
1.767206e-02
1.804209e-02
1.754689e-02
1.760221e-02
1.787615e-02
1.779270e-02
1.819658e-02
1.795578e-02
1.764727e-02
1.779342e-02
1.802897e-02
1.756716e-02
1.752496e-02
1.785803e-02
1.806998e-02
1.770687e-02
1.761723e-02
1.765394e-02
1.748085e-02
1.778555e-02
1.798415e-02
1.797819e-02
1.784301e-02
1.794124e-02
1.763368e-02
1.776886e-02
1.764464e-02
1.782012e-02
1.759911e-02
1.830149e-02
1.842928e-02
1.761913e-02
1.790667e-02
1.796961e-02
1.777172e-02
1.756907e-02
1.763916e-02
1.796055e-02
1.792669e-02
1.780510e-02
1.779008e-02
1.764894e-02
1.755881e-02
1.770306e-02
1.769304e-02
1.806092e-02
1.769447e-02
1.772428e-02
1.780343e-02
1.772022e-02
1.745725e-02
1.790428e-02
1.781654e-02
1.776123e-02
1.751041e-02
1.741958e-02
1.768208e-02
1.774406e-02
1.773405e-02
1.741529e-02
1.756883e-02
1.777649e-02
1.784015e-02
1.748753e-02
1.775551e-02
1.741886e-02
1.778293e-02
1.777840e-02
1.763725e-02
1.779199e-02
1.795268e-02
1.760197e-02
1.809120e-02
1.783252e-02
1.765752e-02
1.779580e-02
1.764536e-02
1.771212e-02
1.782370e-02
1.777649e-02
1.748562e-02
1.766539e-02
1.803064e-02
1.779747e-02
1.790929e-02
1.796603e-02
1.781154e-02
1.802158e-02
1.805162e-02
1.824284e-02
1.780796e-02
1.753354e-02
1.762009e-02
1.798105e-02
1.787853e-02
1.782966e-02
1.794052e-02
1.855421e-02
1.762748e-02
1.798964e-02
1.815724e-02
1.794338e-02
1.800895e-02
1.820731e-02
1.758981e-02
1.797080e-02
1.799655e-02
1.791239e-02
1.788497e-02
1.791763e-02
1.779199e-02
1.767802e-02
1.827645e-02
1.789546e-02
1.768327e-02
1.811576e-02
1.798797e-02
1.794291e-02
1.770139e-02
1.780033e-02
1.774001e-02
1.789212e-02
1.780176e-02
1.788688e-02
1.749206e-02
1.778364e-02
1.831365e-02
1.798320e-02
1.789141e-02
1.793504e-02
1.773095e-02
1.779771e-02
1.788688e-02
1.762438e-02
1.751971e-02
1.777601e-02
1.763296e-02
1.780987e-02
1.762724e-02
1.759911e-02
1.791430e-02
1.781344e-02
1.789522e-02
1.759458e-02
1.750159e-02
1.765037e-02
1.746202e-02
1.766658e-02
1.778173e-02
1.791310e-02
1.765680e-02
1.780128e-02
1.786757e-02
1.796389e-02
1.759958e-02
1.793218e-02
1.778555e-02
1.787138e-02
1.766872e-02
1.780963e-02
1.793814e-02
1.764369e-02
1.768804e-02
1.751161e-02
1.786637e-02
1.783276e-02
1.777816e-02
1.823807e-02
1.792383e-02
1.822972e-02
1.755381e-02
1.764894e-02
1.819134e-02
1.797795e-02
1.787090e-02
1.747155e-02
1.776433e-02
1.773667e-02
1.812816e-02
1.781464e-02
1.779246e-02
1.793313e-02
1.761198e-02
1.765108e-02
1.771498e-02
1.797557e-02
1.825237e-02
1.776552e-02
1.787066e-02
1.777864e-02
1.780653e-02
1.796675e-02
1.771259e-02
1.763535e-02
1.772165e-02
1.829982e-02
1.808357e-02
1.792836e-02
1.750422e-02
1.802588e-02
1.769590e-02
1.772237e-02
1.784682e-02
1.791644e-02
1.749945e-02
1.787043e-02
1.798582e-02
1.766491e-02
1.781869e-02
1.740837e-02
1.769757e-02
1.778340e-02
1.763868e-02
1.753283e-02
1.796937e-02
1.786876e-02
1.759982e-02
1.799536e-02
1.781631e-02
1.745605e-02
1.820064e-02
1.824927e-02
1.772428e-02
1.823688e-02
1.800418e-02
1.766968e-02
1.745343e-02
1.797509e-02
1.796198e-02
1.761413e-02
1.772594e-02
1.794529e-02
1.761293e-02
1.795506e-02
1.769590e-02
1.786375e-02
1.800299e-02
1.792741e-02
1.786351e-02
1.761746e-02
1.830101e-02
1.774907e-02
1.761746e-02
1.780224e-02
1.822186e-02
1.837230e-02
1.791286e-02
1.790905e-02
1.766276e-02
1.775241e-02
1.775241e-02
1.746869e-02
1.815200e-02
1.781607e-02
1.784682e-02
1.782703e-02
1.783276e-02
1.787043e-02
1.790380e-02
1.780486e-02
1.769114e-02
1.779342e-02
1.782274e-02
1.783442e-02
1.800299e-02
1.785827e-02
1.772451e-02
1.750016e-02
1.759195e-02
1.783752e-02
1.759481e-02
1.764178e-02
1.778626e-02
1.970577e-02
1.756930e-02
1.797295e-02
1.779938e-02
1.799321e-02
1.781058e-02
1.790357e-02
1.779151e-02
1.789856e-02
1.784730e-02
1.762962e-02
1.893616e-02
1.776528e-02
1.807427e-02
1.779032e-02
1.813698e-02
1.788878e-02
1.812243e-02
1.800084e-02
1.933408e-02
1.781011e-02
1.795363e-02
1.762342e-02
1.757121e-02
1.776767e-02
1.763463e-02
1.806402e-02
1.797962e-02
1.788235e-02
1.762629e-02
1.777911e-02
1.767516e-02
1.775527e-02
1.798320e-02
1.771355e-02
1.781702e-02
1.814842e-02
1.787829e-02
1.801538e-02
1.793528e-02
1.778698e-02
1.768756e-02
1.762438e-02
1.779199e-02
1.800108e-02
1.765227e-02
1.790833e-02
1.882148e-02
1.815128e-02
1.803493e-02
1.794028e-02
1.800227e-02
1.778245e-02
1.896620e-02
1.803112e-02
1.789665e-02
1.776719e-02
1.781654e-02
1.779103e-02
1.799226e-02
1.810551e-02
1.797557e-02
1.782322e-02
1.780939e-02
1.748157e-02
1.771307e-02
1.780796e-02
1.788330e-02
1.765275e-02
1.767182e-02
1.822591e-02
1.760101e-02
1.780486e-02
1.751208e-02
1.821494e-02
1.761866e-02
1.781511e-02
1.812363e-02
1.826787e-02
1.765084e-02
1.819515e-02
1.813173e-02
1.817989e-02
1.799011e-02
1.786590e-02
1.791620e-02
1.779056e-02
1.791263e-02
1.770806e-02
1.804543e-02
1.770759e-02
1.798081e-02
1.799202e-02
1.785445e-02
1.793170e-02
1.780963e-02
1.757097e-02
1.799560e-02
1.778364e-02
1.765633e-02
1.781583e-02
1.780033e-02
1.795483e-02
1.794219e-02
1.766157e-02
1.812482e-02
1.803827e-02
1.773739e-02
1.781964e-02
2.007008e-02
1.802492e-02
1.750827e-02
1.777196e-02
1.761508e-02
1.767087e-02
1.746750e-02
1.811075e-02
1.764703e-02
1.789737e-02
1.778746e-02
1.785588e-02
1.771069e-02
1.781988e-02
1.782250e-02
1.766706e-02
1.769853e-02
1.760721e-02
1.770306e-02
1.766467e-02
1.776123e-02
