9.117780e-01
9.088635e-01
9.105153e-01
9.088211e-01
9.102921e-01
9.109840e-01
9.108977e-01
9.110370e-01
9.110293e-01
9.108918e-01
9.109502e-01
9.115002e-01
9.112697e-01
9.114363e-01
9.100373e-01
9.112132e-01
9.103971e-01
9.108262e-01
9.108644e-01
9.098938e-01
9.100997e-01
9.115336e-01
9.098825e-01
9.105194e-01
9.119453e-01
9.113610e-01
9.105961e-01
9.114134e-01
9.090941e-01
9.106843e-01
9.110169e-01
9.113612e-01
9.115283e-01
9.101655e-01
9.110475e-01
9.107270e-01
9.105577e-01
9.116633e-01
9.115896e-01
9.104397e-01
9.107516e-01
9.114575e-01
9.109752e-01
9.098265e-01
9.116383e-01
9.108746e-01
9.103324e-01
9.104674e-01
9.112618e-01
9.108987e-01
9.103165e-01
9.105759e-01
9.096556e-01
9.109950e-01
9.113157e-01
9.117465e-01
9.094353e-01
9.101815e-01
9.115980e-01
9.107265e-01
9.094121e-01
9.110403e-01
9.110987e-01
9.098558e-01
9.106371e-01
9.118478e-01
9.101479e-01
9.119122e-01
9.110270e-01
9.111371e-01
9.100244e-01
9.117060e-01
9.106550e-01
9.117846e-01
9.111269e-01
9.096694e-01
9.115653e-01
9.115891e-01
9.113383e-01
9.117088e-01
9.113569e-01
9.118407e-01
9.121234e-01
9.114270e-01
9.106152e-01
9.116957e-01
9.115899e-01
9.109936e-01
9.091010e-01
9.122524e-01
9.260509e-01
9.124496e-01
9.112928e-01
9.110081e-01
9.109585e-01
9.115872e-01
9.160104e-01
9.162748e-01
9.159050e-01
9.166572e-01
9.165344e-01
9.168105e-01
9.166901e-01
9.167111e-01
9.167497e-01
9.167926e-01
9.167342e-01
9.164934e-01
9.165885e-01
9.165299e-01
9.164648e-01
9.168222e-01
9.166408e-01
9.164181e-01
9.167366e-01
9.165981e-01
9.166174e-01
9.164071e-01
9.162793e-01
9.163432e-01
9.164720e-01
9.162016e-01
9.161675e-01
9.161985e-01
9.164517e-01
9.198503e-01
9.199326e-01
9.199383e-01
9.187744e-01
9.201951e-01
9.201071e-01
9.195523e-01
9.187376e-01
9.198391e-01
9.184561e-01
9.199507e-01
9.195769e-01
9.186125e-01
9.195659e-01
9.188614e-01
9.195273e-01
9.200656e-01
9.197099e-01
9.194560e-01
9.197235e-01
9.195704e-01
9.195280e-01
9.193726e-01
9.194136e-01
9.194651e-01
9.193594e-01
9.249301e-01
9.296072e-01
9.296770e-01
9.294343e-01
9.294691e-01
9.293852e-01
9.293513e-01
9.293613e-01
9.295337e-01
9.292238e-01
9.293497e-01
9.294951e-01
9.296200e-01
9.294996e-01
9.293499e-01
9.294569e-01
9.297814e-01
9.297590e-01
9.296710e-01
9.331355e-01
9.331653e-01
