3.845358e-02
3.443789e-02
3.190851e-02
3.220201e-02
3.195834e-02
3.208423e-02
3.162599e-02
3.167772e-02
3.225541e-02
3.229666e-02
3.203011e-02
3.230929e-02
3.193045e-02
3.221488e-02
3.221536e-02
3.213143e-02
3.220558e-02
3.216529e-02
3.206182e-02
3.202605e-02
3.234267e-02
3.205132e-02
3.189516e-02
3.197503e-02
3.241944e-02
3.193212e-02
3.190017e-02
3.237319e-02
3.182197e-02
3.222561e-02
3.223181e-02
3.195548e-02
3.228974e-02
3.217340e-02
3.195524e-02
3.187752e-02
3.211594e-02
3.197956e-02
3.180265e-02
3.240895e-02
3.217196e-02
3.220677e-02
3.233051e-02
3.218365e-02
3.180695e-02
3.200746e-02
3.181076e-02
3.215241e-02
3.237414e-02
3.223181e-02
3.212881e-02
3.201032e-02
3.226924e-02
3.186488e-02
3.137779e-02
3.185916e-02
3.176522e-02
3.211284e-02
3.328300e-02
3.200316e-02
3.235674e-02
3.190756e-02
3.208447e-02
3.183222e-02
3.212380e-02
3.182340e-02
3.222990e-02
3.224134e-02
3.173447e-02
3.179407e-02
3.200412e-02
3.219223e-02
3.202987e-02
3.223801e-02
3.171611e-02
3.241611e-02
3.198028e-02
3.233194e-02
3.187299e-02
3.214526e-02
3.241801e-02
3.221059e-02
3.205156e-02
3.209758e-02
3.223252e-02
3.190112e-02
3.175521e-02
3.215623e-02
3.237033e-02
3.186297e-02
3.223920e-02
3.202629e-02
3.201079e-02
3.219867e-02
3.196788e-02
3.208637e-02
3.200293e-02
3.217006e-02
3.175926e-02
3.225350e-02
3.216052e-02
3.172946e-02
3.225207e-02
3.158140e-02
3.219056e-02
3.236818e-02
3.181672e-02
3.226590e-02
3.198195e-02
3.208661e-02
3.209734e-02
3.208637e-02
3.233123e-02
3.205943e-02
3.169513e-02
3.215098e-02
3.194642e-02
3.174543e-02
3.259206e-02
3.204393e-02
3.207469e-02
3.212404e-02
3.175449e-02
3.201628e-02
3.167605e-02
3.223920e-02
3.204870e-02
3.225183e-02
3.213525e-02
3.192449e-02
3.202915e-02
3.238320e-02
3.198862e-02
3.184462e-02
3.156066e-02
3.195596e-02
3.194261e-02
3.211451e-02
3.174782e-02
3.219843e-02
3.165841e-02
3.208280e-02
3.231120e-02
3.214717e-02
3.212953e-02
3.164172e-02
3.197050e-02
3.224802e-02
3.231382e-02
3.168941e-02
3.207207e-02
3.190517e-02
3.177094e-02
3.176093e-02
3.168774e-02
3.213453e-02
3.186297e-02
3.174114e-02
3.162789e-02
3.227210e-02
3.222013e-02
3.193808e-02
3.227568e-02
3.215694e-02
3.209662e-02
3.219175e-02
3.207588e-02
3.174877e-02
3.234100e-02
3.213668e-02
3.166318e-02
3.231859e-02
3.168106e-02
3.233504e-02
3.179240e-02
3.191280e-02
3.156638e-02
3.185344e-02
3.199768e-02
3.168750e-02
3.161550e-02
3.197932e-02
3.156590e-02
3.221250e-02
3.212190e-02
3.186727e-02
3.242278e-02
3.203487e-02
3.188658e-02
3.208280e-02
3.217816e-02
3.192568e-02
3.210282e-02
3.187013e-02
3.170156e-02
3.168154e-02
3.160000e-02
3.199172e-02
3.228760e-02
3.198791e-02
3.237796e-02
3.206491e-02
3.179145e-02
3.222418e-02
3.223276e-02
3.212857e-02
3.204584e-02
3.226995e-02
3.189301e-02
3.217602e-02
3.200817e-02
3.210950e-02
3.186226e-02
3.217936e-02
3.220797e-02
3.145385e-02
3.194547e-02
3.174543e-02
3.213644e-02
3.226423e-02
3.226638e-02
3.194809e-02
3.219223e-02
3.174973e-02
3.235483e-02
3.328085e-02
3.231406e-02
3.219151e-02
3.211546e-02
3.192353e-02
3.179264e-02
3.188968e-02
3.183961e-02
3.168392e-02
3.232408e-02
3.212452e-02
3.227663e-02
3.240228e-02
3.154325e-02
3.183746e-02
3.169203e-02
3.219271e-02
3.185582e-02
3.211856e-02
3.190422e-02
3.191113e-02
3.136206e-02
3.219128e-02
3.238320e-02
3.243780e-02
3.204584e-02
3.201675e-02
3.216362e-02
3.179765e-02
3.177667e-02
3.233957e-02
3.170013e-02
3.231716e-02
3.221512e-02
3.151059e-02
3.174257e-02
3.176236e-02
3.210735e-02
3.196597e-02
3.225517e-02
3.215027e-02
3.169870e-02
3.202057e-02
3.204989e-02
3.199458e-02
3.176379e-02
3.180695e-02
3.208733e-02
3.211021e-02
3.185511e-02
3.218007e-02
3.207612e-02
3.207183e-02
3.223920e-02
3.218746e-02
3.206038e-02
3.167319e-02
3.221011e-02
3.173327e-02
3.220201e-02
3.178954e-02
3.183079e-02
3.234768e-02
3.228951e-02
3.188324e-02
3.247523e-02
3.195190e-02
3.228498e-02
3.218341e-02
3.168702e-02
3.216529e-02
3.173947e-02
3.185987e-02
3.175640e-02
3.236914e-02
3.194880e-02
3.227043e-02
3.220558e-02
3.173685e-02
3.191400e-02
3.220773e-02
3.199625e-02
3.234243e-02
3.217268e-02
3.138542e-02
3.202295e-02
3.212142e-02
3.228831e-02
3.176427e-02
3.145432e-02
3.197217e-02
3.234005e-02
3.243399e-02
3.206182e-02
3.182125e-02
3.190374e-02
3.209090e-02
3.157783e-02
3.215742e-02
3.198957e-02
3.208113e-02
3.180623e-02
3.191710e-02
3.186250e-02
3.215051e-02
3.146887e-02
3.227639e-02
3.192449e-02
3.223848e-02
3.224587e-02
3.213501e-02
3.245091e-02
3.213549e-02
3.196764e-02
3.187275e-02
3.197646e-02
3.192663e-02
3.182554e-02
3.196788e-02
3.154397e-02
3.211045e-02
3.198504e-02
3.207660e-02
3.210473e-02
3.238940e-02
3.217578e-02
3.211260e-02
3.208184e-02
3.200388e-02
3.226972e-02
3.188491e-02
3.215814e-02
3.179908e-02
3.213978e-02
3.210664e-02
3.225708e-02
3.178191e-02
3.213310e-02
3.208208e-02
3.203583e-02
3.216863e-02
3.231668e-02
3.206897e-02
3.186321e-02
3.197551e-02
3.180742e-02
3.207636e-02
3.181744e-02
3.203535e-02
3.229332e-02
3.162909e-02
3.211451e-02
3.214526e-02
3.185558e-02
3.205204e-02
3.210688e-02
3.196740e-02
3.185916e-02
3.215027e-02
3.194880e-02
3.194952e-02
3.220439e-02
3.192830e-02
3.182697e-02
3.195691e-02
3.183818e-02
3.215647e-02
3.183770e-02
3.210688e-02
3.163123e-02
3.202629e-02
3.193283e-02
3.216410e-02
3.156543e-02
3.165889e-02
3.181911e-02
3.181529e-02
3.212881e-02
3.191757e-02
3.218722e-02
3.181195e-02
3.180146e-02
3.206658e-02
3.184009e-02
3.199840e-02
3.183627e-02
3.214169e-02
3.221154e-02
3.179669e-02
3.204727e-02
3.215575e-02
3.220391e-02
3.227782e-02
3.214502e-02
3.203559e-02
3.221917e-02
3.169990e-02
3.203321e-02
3.173685e-02
3.147244e-02
3.205824e-02
3.174615e-02
3.203654e-02
3.220797e-02
3.184915e-02
3.218579e-02
3.224468e-02
3.223658e-02
3.206468e-02
3.183866e-02
3.235960e-02
3.193593e-02
3.201437e-02
3.217506e-02
3.186560e-02
3.222537e-02
3.220630e-02
3.215837e-02
3.208089e-02
3.243399e-02
3.216314e-02
3.212929e-02
3.219509e-02
3.199911e-02
3.228474e-02
3.179455e-02
3.152084e-02
3.201795e-02
3.185511e-02
3.222609e-02
3.176785e-02
3.224587e-02
3.204918e-02
3.187060e-02
3.232718e-02
3.213763e-02
3.202748e-02
3.213382e-02
3.197551e-02
3.227663e-02
3.179574e-02
3.192854e-02
3.209662e-02
3.214812e-02
3.173184e-02
3.183961e-02
3.184915e-02
3.188133e-02
3.221655e-02
3.177118e-02
3.176117e-02
3.212953e-02
3.164196e-02
3.202200e-02
3.172159e-02
3.216124e-02
3.195214e-02
3.185654e-02
3.157330e-02
3.224897e-02
3.231049e-02
3.223443e-02
3.164053e-02
3.206134e-02
3.186083e-02
3.217745e-02
3.227472e-02
3.211045e-02
3.192353e-02
3.212285e-02
3.235674e-02
3.186154e-02
3.193450e-02
3.175473e-02
3.166652e-02
3.210449e-02
3.212905e-02
3.236508e-02
3.213239e-02
3.201962e-02
3.158283e-02
3.174901e-02
3.210187e-02
3.167462e-02
3.205633e-02
3.186727e-02
3.189063e-02
3.211403e-02
3.214359e-02
3.203082e-02
3.186965e-02
3.234410e-02
3.192902e-02
3.198552e-02
3.162718e-02
3.187656e-02
3.179479e-02
3.217220e-02
3.204894e-02
3.201985e-02
3.187776e-02
3.225040e-02
3.207803e-02
3.239989e-02
3.226686e-02
3.176069e-02
3.205609e-02
3.194094e-02
3.213120e-02
3.195119e-02
3.147221e-02
3.162766e-02
3.204918e-02
3.193593e-02
3.214145e-02
3.220892e-02
3.196931e-02
3.235102e-02
3.205752e-02
3.198123e-02
3.181553e-02
3.185630e-02
3.209400e-02
3.227234e-02
3.220081e-02
3.216696e-02
3.168774e-02
3.229308e-02
3.218436e-02
3.156400e-02
3.216696e-02
3.170156e-02
3.237700e-02
3.172755e-02
3.205466e-02
3.223848e-02
3.214002e-02
3.178787e-02
3.163743e-02
3.194714e-02
3.197956e-02
3.233051e-02
3.176713e-02
3.177118e-02
3.163505e-02
3.214788e-02
3.222561e-02
3.150463e-02
3.222227e-02
3.191233e-02
3.196073e-02
3.243065e-02
3.163004e-02
3.178048e-02
3.141212e-02
3.180528e-02
3.214574e-02
3.219008e-02
3.198314e-02
3.240490e-02
3.183794e-02
3.202724e-02
3.192353e-02
3.198147e-02
3.184319e-02
3.189874e-02
3.237271e-02
3.201342e-02
3.206420e-02
3.188848e-02
3.224850e-02
3.225875e-02
3.184581e-02
3.219390e-02
3.200793e-02
3.220439e-02
3.195405e-02
3.180361e-02
3.217483e-02
3.209114e-02
3.215671e-02
3.222513e-02
3.194094e-02
3.375745e-02
3.218746e-02
3.219962e-02
3.219795e-02
3.208399e-02
3.179383e-02
3.213739e-02
3.196502e-02
3.228140e-02
3.217196e-02
3.161788e-02
3.140903e-02
3.196549e-02
3.224611e-02
3.216290e-02
3.212404e-02
3.219581e-02
3.214765e-02
3.235340e-02
3.203106e-02
3.237820e-02
3.213930e-02
3.198075e-02
3.177738e-02
3.168631e-02
3.155398e-02
3.203487e-02
3.185558e-02
3.193188e-02
3.226447e-02
3.209329e-02
3.218961e-02
3.214788e-02
3.216743e-02
3.262234e-02
3.194332e-02
3.171015e-02
3.233051e-02
3.215599e-02
3.217864e-02
3.232479e-02
3.182101e-02
3.228974e-02
3.168559e-02
3.202248e-02
3.209090e-02
3.182077e-02
3.198647e-02
3.224277e-02
3.174233e-02
3.168917e-02
3.188729e-02
3.214216e-02
3.185511e-02
3.176069e-02
3.242707e-02
3.200507e-02
3.179646e-02
3.179264e-02
3.234100e-02
3.208447e-02
3.200650e-02
3.183103e-02
3.223228e-02
3.194356e-02
3.200841e-02
3.196907e-02
3.214931e-02
3.230333e-02
3.192377e-02
3.202391e-02
3.199315e-02
3.194642e-02
3.222060e-02
3.210783e-02
3.215790e-02
3.169250e-02
3.230429e-02
3.214979e-02
3.182960e-02
3.214407e-02
3.176427e-02
3.138947e-02
3.178930e-02
3.220057e-02
3.186870e-02
3.175235e-02
3.231716e-02
3.209758e-02
3.158665e-02
3.162813e-02
3.188682e-02
3.207827e-02
3.223205e-02
3.176045e-02
3.182077e-02
3.202653e-02
3.182554e-02
3.224468e-02
3.232551e-02
3.213263e-02
3.202772e-02
3.186989e-02
3.197598e-02
3.202629e-02
3.215003e-02
3.225923e-02
3.219748e-02
3.178883e-02
3.217912e-02
3.195405e-02
3.229451e-02
3.199029e-02
3.204393e-02
3.213549e-02
3.190017e-02
3.197670e-02
3.239846e-02
3.203321e-02
3.203201e-02
3.196740e-02
3.228283e-02
3.212857e-02
3.205514e-02
3.218746e-02
3.207397e-02
3.211689e-02
3.169346e-02
3.219104e-02
3.212571e-02
3.180957e-02
3.204322e-02
3.177309e-02
3.219151e-02
3.192735e-02
3.231311e-02
3.196359e-02
3.213549e-02
3.202248e-02
3.167462e-02
3.190374e-02
3.173494e-02
3.242803e-02
3.195143e-02
3.193808e-02
3.219748e-02
3.146172e-02
3.164434e-02
3.185725e-02
3.222466e-02
3.168678e-02
3.234196e-02
3.194118e-02
3.198743e-02
3.168464e-02
3.231144e-02
3.233910e-02
3.230333e-02
3.197551e-02
3.217840e-02
3.172779e-02
3.230977e-02
3.193212e-02
3.160739e-02
3.229141e-02
3.211284e-02
3.232670e-02
3.232741e-02
3.213787e-02
3.224659e-02
3.222942e-02
3.197455e-02
3.200722e-02
3.163290e-02
3.224349e-02
3.215981e-02
3.221202e-02
3.153062e-02
3.213644e-02
3.219867e-02
3.178310e-02
3.226161e-02
3.170228e-02
3.212547e-02
3.214574e-02
3.205538e-02
3.188086e-02
3.228855e-02
3.223801e-02
3.193736e-02
3.203249e-02
3.234029e-02
3.190947e-02
3.209233e-02
3.186178e-02
3.163624e-02
3.203893e-02
3.204226e-02
3.203177e-02
3.197384e-02
3.168750e-02
3.169036e-02
3.243256e-02
3.226590e-02
3.167725e-02
3.211403e-02
3.207564e-02
3.178692e-02
3.197813e-02
3.213692e-02
3.197193e-02
3.223062e-02
3.214407e-02
3.217244e-02
3.225040e-02
3.211689e-02
3.166890e-02
3.178501e-02
3.217101e-02
3.182960e-02
3.271604e-02
3.226352e-02
3.175259e-02
3.224468e-02
3.186488e-02
3.366756e-02
3.223872e-02
3.223586e-02
3.275609e-02
3.202987e-02
3.168273e-02
3.204179e-02
3.206778e-02
3.208613e-02
3.229594e-02
3.198242e-02
3.205466e-02
3.228784e-02
3.358531e-02
3.232145e-02
3.171515e-02
3.167295e-02
3.210878e-02
3.137875e-02
3.178763e-02
3.173542e-02
3.274989e-02
3.236127e-02
3.202939e-02
3.170943e-02
3.228760e-02
3.204608e-02
3.189898e-02
3.172803e-02
3.219652e-02
3.202701e-02
3.222775e-02
3.223777e-02
3.203464e-02
3.213763e-02
3.191710e-02
3.209090e-02
3.174281e-02
3.198647e-02
3.194690e-02
3.228974e-02
3.231359e-02
3.164983e-02
3.229856e-02
3.231978e-02
3.207803e-02
3.203487e-02
3.201675e-02
3.238225e-02
3.183460e-02
3.231812e-02
3.198433e-02
3.210640e-02
3.209257e-02
3.189993e-02
3.210497e-02
3.148246e-02
3.171945e-02
3.229952e-02
3.237343e-02
3.230715e-02
3.217101e-02
3.219509e-02
3.270125e-02
3.207541e-02
3.188586e-02
3.227282e-02
3.194857e-02
3.234124e-02
3.214645e-02
3.212571e-02
3.183913e-02
3.223062e-02
3.224325e-02
3.200078e-02
3.199911e-02
3.171253e-02
3.236389e-02
3.216505e-02
3.188205e-02
3.229880e-02
3.232884e-02
3.222322e-02
3.207135e-02
3.197837e-02
3.258348e-02
3.225255e-02
3.169513e-02
3.232479e-02
3.196025e-02
3.197527e-02
3.232431e-02
3.167367e-02
3.205895e-02
3.221893e-02
3.186488e-02
3.214931e-02
3.223062e-02
3.185248e-02
3.222847e-02
3.194451e-02
3.236151e-02
3.177643e-02
3.221011e-02
3.234029e-02
3.209066e-02
3.230453e-02
3.195333e-02
3.209686e-02
3.179002e-02
3.217888e-02
3.196001e-02
3.182817e-02
3.193784e-02
3.180790e-02
3.177595e-02
3.201890e-02
3.216004e-02
3.151155e-02
3.222942e-02
3.199244e-02
3.234076e-02
3.217220e-02
3.197503e-02
3.227663e-02
3.191853e-02
3.187323e-02
3.175998e-02
3.229547e-02
3.212738e-02
3.213668e-02
3.200817e-02
3.188252e-02
3.200674e-02
3.214169e-02
3.170681e-02
3.242874e-02
3.219318e-02
3.230715e-02
3.217435e-02
3.218722e-02
3.182101e-02
3.242397e-02
3.209949e-02
3.196931e-02
3.199220e-02
3.199744e-02
3.225160e-02
3.186321e-02
3.220606e-02
3.196430e-02
3.236008e-02
3.191447e-02
3.191400e-02
3.205919e-02
3.209567e-02
3.197241e-02
3.209710e-02
3.212667e-02
3.227210e-02
3.220248e-02
3.160214e-02
3.191710e-02
3.195596e-02
3.236961e-02
3.220248e-02
3.222656e-02
