2.389908e-03
2.021313e-03
2.291441e-03
1.818180e-03
1.813650e-03
2.021790e-03
1.868963e-03
2.094984e-03
2.097368e-03
1.883030e-03
2.188206e-03
1.913309e-03
2.207994e-03
2.224207e-03
2.248764e-03
2.266645e-03
2.232075e-03
1.775742e-03
2.098322e-03
2.087116e-03
1.913071e-03
1.808167e-03
1.830101e-03
1.856327e-03
2.092361e-03
1.861334e-03
1.852512e-03
2.099276e-03
1.863718e-03
2.091169e-03
1.857042e-03
2.091408e-03
2.057076e-03
1.844645e-03
1.863003e-03
2.101898e-03
1.850843e-03
1.840353e-03
1.864195e-03
1.843452e-03
1.864433e-03
1.924753e-03
1.852751e-03
1.867533e-03
1.828432e-03
1.804352e-03
1.834154e-03
1.889467e-03
2.094030e-03
1.924038e-03
2.053499e-03
1.862049e-03
1.853943e-03
1.819372e-03
1.922131e-03
1.848936e-03
1.873016e-03
1.900196e-03
1.859665e-03
1.881361e-03
1.861572e-03
1.920462e-03
1.851559e-03
2.083778e-03
2.044439e-03
1.863956e-03
1.876831e-03
1.926899e-03
2.104759e-03
2.098083e-03
1.846552e-03
1.900434e-03
1.856089e-03
1.865864e-03
1.903057e-03
1.843691e-03
1.872778e-03
1.853466e-03
1.879930e-03
2.110958e-03
1.964569e-03
1.854658e-03
1.846790e-03
2.226353e-03
1.797676e-03
1.883745e-03
2.095461e-03
1.922607e-03
1.778364e-03
2.099276e-03
2.044439e-03
1.837969e-03
1.876593e-03
1.851082e-03
1.856327e-03
1.851559e-03
1.891136e-03
1.870394e-03
1.819611e-03
2.089977e-03
1.855135e-03
1.855850e-03
1.923084e-03
1.867771e-03
1.842737e-03
1.763821e-03
1.848221e-03
1.855373e-03
1.862526e-03
2.115726e-03
2.007008e-03
1.875877e-03
1.756191e-03
1.864910e-03
1.873732e-03
1.857042e-03
1.822472e-03
1.839876e-03
1.878023e-03
1.818419e-03
1.762629e-03
1.930714e-03
1.854897e-03
1.863003e-03
2.094746e-03
1.865387e-03
1.904488e-03
1.867056e-03
2.089500e-03
1.914024e-03
2.088785e-03
1.919985e-03
1.823902e-03
1.831293e-03
1.852989e-03
1.860142e-03
1.876831e-03
1.876354e-03
1.871109e-03
1.820803e-03
1.793385e-03
1.854181e-03
1.833439e-03
1.886845e-03
1.846075e-03
1.897097e-03
1.796961e-03
1.827478e-03
1.836061e-03
1.778126e-03
1.870155e-03
1.863241e-03
1.922369e-03
1.841545e-03
1.849413e-03
1.869678e-03
1.786232e-03
1.840830e-03
1.864910e-03
1.803398e-03
1.893282e-03
2.093554e-03
1.911879e-03
1.839876e-03
2.017498e-03
1.864195e-03
1.832247e-03
1.857042e-03
2.094030e-03
1.859188e-03
1.866341e-03
1.844168e-03
1.857996e-03
1.788139e-03
1.842737e-03
1.877308e-03
1.777172e-03
1.818895e-03
1.810789e-03
1.851797e-03
1.851082e-03
1.797915e-03
1.859188e-03
1.845121e-03
1.812696e-03
1.842022e-03
1.862288e-03
1.843691e-03
1.856327e-03
1.866102e-03
2.093792e-03
2.088547e-03
1.878977e-03
1.862764e-03
1.834869e-03
1.878262e-03
1.846075e-03
1.623154e-03
1.857996e-03
1.863956e-03
2.102852e-03
1.854420e-03
1.791477e-03
1.812458e-03
1.833439e-03
1.885891e-03
1.886606e-03
1.820087e-03
2.096653e-03
1.868963e-03
2.091408e-03
1.865387e-03
1.893044e-03
1.866102e-03
1.848698e-03
1.853228e-03
1.749516e-03
1.852751e-03
1.885414e-03
1.846552e-03
1.807690e-03
1.847029e-03
1.850605e-03
2.063513e-03
1.922369e-03
1.918554e-03
1.922131e-03
1.850843e-03
1.793385e-03
1.853943e-03
1.889944e-03
1.840353e-03
1.847267e-03
1.892328e-03
1.808405e-03
2.045870e-03
1.924276e-03
1.865149e-03
2.113819e-03
1.853466e-03
1.857519e-03
1.804113e-03
1.864910e-03
1.928568e-03
2.101660e-03
2.093315e-03
1.809359e-03
1.892567e-03
1.902819e-03
1.886129e-03
1.822710e-03
1.843452e-03
2.087831e-03
1.929045e-03
2.099276e-03
2.083540e-03
1.613855e-03
1.849174e-03
1.859665e-03
2.091169e-03
2.098322e-03
1.830816e-03
1.848459e-03
1.663685e-03
1.846552e-03
1.860857e-03
1.821041e-03
1.839399e-03
1.870155e-03
1.833677e-03
1.843214e-03
1.868725e-03
2.100706e-03
2.133846e-03
1.839876e-03
1.855612e-03
1.941204e-03
1.872301e-03
2.171755e-03
1.865149e-03
1.796484e-03
1.864910e-03
1.842499e-03
2.047062e-03
1.866579e-03
1.839638e-03
2.086639e-03
1.860857e-03
2.094269e-03
2.093077e-03
2.084494e-03
1.852036e-03
1.702547e-03
2.246141e-03
1.851082e-03
1.892328e-03
1.867533e-03
1.841545e-03
1.836777e-03
1.848936e-03
1.851559e-03
1.803875e-03
1.855612e-03
2.038956e-03
1.862526e-03
1.839876e-03
2.093792e-03
1.858711e-03
1.892567e-03
1.810551e-03
2.098083e-03
1.817465e-03
1.841545e-03
1.863956e-03
1.850367e-03
1.840830e-03
1.815796e-03
1.806736e-03
1.786232e-03
1.842499e-03
1.917839e-03
1.855373e-03
1.859426e-03
1.925945e-03
1.857758e-03
2.063274e-03
1.863480e-03
1.842976e-03
1.870871e-03
1.857758e-03
1.857042e-03
1.838207e-03
1.875877e-03
1.849174e-03
1.806021e-03
1.842976e-03
1.860857e-03
1.857042e-03
2.086878e-03
1.927137e-03
2.094030e-03
2.083778e-03
1.862288e-03
2.089739e-03
1.917601e-03
1.856804e-03
1.920938e-03
1.812220e-03
1.814127e-03
1.742840e-03
1.885414e-03
2.094746e-03
1.870155e-03
1.824617e-03
2.117157e-03
1.853228e-03
1.856565e-03
1.847267e-03
1.857281e-03
1.848459e-03
1.931906e-03
1.776457e-03
1.861334e-03
1.848221e-03
1.775503e-03
1.766443e-03
1.812696e-03
1.805782e-03
2.101898e-03
1.862764e-03
2.090693e-03
1.868486e-03
1.878738e-03
1.853228e-03
1.866817e-03
1.807451e-03
1.812458e-03
1.810312e-03
1.816273e-03
1.801014e-03
1.870155e-03
1.828194e-03
1.845360e-03
1.895666e-03
1.857042e-03
2.094269e-03
1.870155e-03
2.089024e-03
1.874924e-03
1.882315e-03
1.866579e-03
1.858950e-03
1.853466e-03
2.039909e-03
1.868963e-03
1.878262e-03
1.815557e-03
1.767874e-03
1.804352e-03
1.818180e-03
1.874208e-03
1.842022e-03
1.897573e-03
1.862049e-03
1.865387e-03
1.823425e-03
1.834154e-03
1.918077e-03
2.092838e-03
2.084970e-03
1.895666e-03
1.844406e-03
1.835108e-03
1.850128e-03
1.812935e-03
1.824856e-03
1.770973e-03
1.873493e-03
1.877785e-03
1.862288e-03
2.057552e-03
1.822948e-03
2.092838e-03
1.875401e-03
2.074242e-03
1.864433e-03
1.840115e-03
1.810074e-03
1.876831e-03
1.791954e-03
1.846075e-03
1.860619e-03
1.843691e-03
1.860380e-03
2.089500e-03
1.857281e-03
1.857042e-03
1.893044e-03
1.824856e-03
1.854420e-03
1.850843e-03
1.866817e-03
1.886606e-03
1.832962e-03
1.801491e-03
1.851082e-03
1.796722e-03
1.853943e-03
1.776695e-03
1.848221e-03
1.843452e-03
1.836300e-03
1.858950e-03
1.858711e-03
1.877069e-03
1.855850e-03
1.809597e-03
1.856804e-03
1.828909e-03
1.856565e-03
1.801014e-03
1.907587e-03
1.954317e-03
1.856565e-03
1.868725e-03
1.855373e-03
2.085447e-03
2.100945e-03
1.831532e-03
1.896381e-03
1.818419e-03
1.888037e-03
1.603127e-03
2.094984e-03
1.865149e-03
1.861811e-03
1.926661e-03
1.842976e-03
1.829386e-03
1.887798e-03
1.807213e-03
1.790285e-03
1.844645e-03
1.800537e-03
1.848698e-03
1.846075e-03
1.848221e-03
1.816273e-03
1.893044e-03
1.787901e-03
1.840115e-03
1.859188e-03
2.089977e-03
1.918793e-03
1.862764e-03
1.848221e-03
1.884699e-03
1.789093e-03
1.839638e-03
1.796246e-03
1.837492e-03
2.098560e-03
1.850367e-03
1.870632e-03
1.849890e-03
1.822472e-03
1.818657e-03
1.838207e-03
1.845360e-03
1.807690e-03
1.802683e-03
1.925468e-03
2.096653e-03
1.866579e-03
1.851797e-03
1.823187e-03
1.922846e-03
1.851559e-03
2.095461e-03
1.859188e-03
2.094746e-03
1.820326e-03
1.847982e-03
2.064228e-03
1.865864e-03
1.849413e-03
1.897573e-03
1.767635e-03
1.809597e-03
1.836300e-03
1.847744e-03
1.852036e-03
2.082348e-03
1.918077e-03
1.844645e-03
1.915216e-03
1.875162e-03
1.812458e-03
1.857519e-03
1.924992e-03
2.085924e-03
1.852036e-03
1.831770e-03
1.857519e-03
1.922131e-03
1.853228e-03
1.873255e-03
1.853943e-03
1.837015e-03
1.737595e-03
2.085209e-03
1.921892e-03
2.090216e-03
1.888037e-03
1.796961e-03
1.850843e-03
1.842976e-03
1.865149e-03
1.848459e-03
1.861811e-03
2.097368e-03
1.852989e-03
1.861572e-03
1.887560e-03
2.100468e-03
1.729727e-03
1.868248e-03
1.802921e-03
1.857519e-03
1.847029e-03
1.821280e-03
1.782656e-03
1.860619e-03
2.093792e-03
1.839876e-03
1.864195e-03
2.096891e-03
2.097368e-03
1.847029e-03
1.824617e-03
1.852751e-03
1.830816e-03
2.102137e-03
1.918793e-03
1.848221e-03
1.831770e-03
1.855373e-03
1.839161e-03
1.882315e-03
1.840115e-03
1.871347e-03
1.834631e-03
1.892090e-03
1.929045e-03
1.868248e-03
1.759052e-03
1.861095e-03
1.891375e-03
1.842499e-03
1.844168e-03
1.863956e-03
1.846075e-03
1.872301e-03
1.865864e-03
1.846552e-03
1.834393e-03
1.899958e-03
1.805782e-03
1.867771e-03
1.927614e-03
2.082825e-03
1.879930e-03
1.828671e-03
1.782656e-03
1.843691e-03
1.895666e-03
1.863718e-03
1.863003e-03
1.839161e-03
1.852751e-03
1.845837e-03
1.881838e-03
2.090216e-03
1.918554e-03
1.819372e-03
1.847744e-03
1.824856e-03
1.582861e-03
1.881599e-03
1.928329e-03
2.084494e-03
1.972437e-03
1.844168e-03
2.084017e-03
1.867771e-03
1.591682e-03
2.035856e-03
1.844168e-03
1.866579e-03
1.798391e-03
1.787186e-03
1.855135e-03
2.030134e-03
1.868725e-03
1.850843e-03
1.822472e-03
2.096415e-03
1.823425e-03
2.069712e-03
1.829863e-03
2.094984e-03
1.889944e-03
1.874685e-03
1.889467e-03
1.965046e-03
1.865864e-03
1.819134e-03
1.798391e-03
2.107620e-03
1.867294e-03
1.858950e-03
2.087355e-03
2.100945e-03
1.846790e-03
1.849890e-03
1.880407e-03
1.832962e-03
1.881838e-03
1.843691e-03
1.803160e-03
1.852274e-03
1.829386e-03
1.868486e-03
1.846075e-03
1.866102e-03
1.861095e-03
1.871347e-03
1.864672e-03
1.859903e-03
2.108335e-03
1.844168e-03
1.828194e-03
2.090454e-03
1.848936e-03
1.874208e-03
1.845598e-03
1.829624e-03
1.834393e-03
2.093315e-03
1.856565e-03
1.868248e-03
1.870394e-03
2.207041e-03
1.864433e-03
1.918316e-03
1.741886e-03
1.864672e-03
1.796961e-03
1.868248e-03
2.101421e-03
1.849413e-03
1.852512e-03
1.950741e-03
1.883507e-03
1.848221e-03
1.832724e-03
1.859665e-03
1.874924e-03
1.897573e-03
1.853228e-03
1.810789e-03
1.842737e-03
1.845598e-03
1.652956e-03
1.844645e-03
1.893044e-03
1.845598e-03
1.839638e-03
1.787901e-03
1.845360e-03
1.849174e-03
1.796722e-03
1.868725e-03
1.847506e-03
1.859188e-03
2.208710e-03
1.867533e-03
1.804590e-03
1.816034e-03
1.808167e-03
2.070904e-03
1.995325e-03
1.862049e-03
1.803160e-03
1.784801e-03
1.953602e-03
1.864195e-03
1.843929e-03
1.858950e-03
1.861334e-03
1.849413e-03
1.812220e-03
1.855850e-03
1.810551e-03
1.787901e-03
1.804590e-03
1.791716e-03
1.861334e-03
1.847506e-03
1.865149e-03
1.887798e-03
1.809120e-03
1.748323e-03
1.886368e-03
1.918077e-03
1.860380e-03
1.850128e-03
2.090454e-03
1.914263e-03
2.086878e-03
1.864195e-03
1.845121e-03
1.853466e-03
1.850605e-03
1.763105e-03
1.850843e-03
1.804113e-03
1.860857e-03
1.874447e-03
2.089739e-03
2.084732e-03
1.860857e-03
1.811266e-03
1.857758e-03
1.927137e-03
2.102137e-03
2.094269e-03
1.796722e-03
1.889467e-03
1.796722e-03
1.795292e-03
1.843929e-03
1.842976e-03
1.850605e-03
1.853228e-03
2.087116e-03
1.860857e-03
2.089262e-03
1.742363e-03
1.796484e-03
1.841307e-03
1.878738e-03
1.808643e-03
1.873732e-03
2.092123e-03
1.838446e-03
1.845837e-03
1.845598e-03
1.801014e-03
1.871109e-03
1.916885e-03
1.847267e-03
1.871347e-03
1.800299e-03
1.846552e-03
1.841545e-03
1.798391e-03
1.816034e-03
1.829386e-03
1.873016e-03
1.954317e-03
1.881123e-03
1.859665e-03
1.743555e-03
1.852989e-03
2.087593e-03
1.855135e-03
1.819372e-03
1.840115e-03
1.842976e-03
1.703262e-03
2.094984e-03
1.866102e-03
1.860619e-03
1.833200e-03
1.861334e-03
1.847744e-03
2.084255e-03
2.099752e-03
1.849413e-03
2.092361e-03
1.924992e-03
1.803160e-03
2.098322e-03
1.854897e-03
1.862526e-03
1.856804e-03
1.927376e-03
1.999855e-03
1.804352e-03
1.856804e-03
1.873493e-03
1.846313e-03
1.829147e-03
1.857281e-03
2.090931e-03
2.098083e-03
2.087116e-03
1.813412e-03
1.769304e-03
1.820564e-03
1.811028e-03
1.860142e-03
1.925230e-03
1.855373e-03
1.912832e-03
1.860142e-03
1.842260e-03
1.892805e-03
1.846552e-03
2.084732e-03
1.842499e-03
2.085686e-03
1.865149e-03
1.860380e-03
2.087116e-03
1.866579e-03
1.809359e-03
1.776934e-03
1.816750e-03
1.603842e-03
1.789093e-03
1.829386e-03
1.849890e-03
1.799583e-03
1.804829e-03
1.808405e-03
1.818180e-03
1.805305e-03
2.094746e-03
2.097607e-03
1.839876e-03
1.877069e-03
2.091408e-03
1.864433e-03
1.833916e-03
1.849651e-03
1.861334e-03
1.902580e-03
2.214432e-03
1.861095e-03
1.838207e-03
2.085686e-03
1.870394e-03
1.841307e-03
1.820564e-03
1.864672e-03
1.843929e-03
2.110958e-03
1.860619e-03
1.871586e-03
1.864433e-03
1.919985e-03
1.845837e-03
1.848221e-03
1.882553e-03
1.863241e-03
1.872778e-03
1.844645e-03
1.798391e-03
1.850605e-03
1.791000e-03
1.806021e-03
1.821995e-03
1.849890e-03
1.869440e-03
1.859903e-03
1.871347e-03
2.094269e-03
1.899004e-03
1.863956e-03
1.843214e-03
2.090693e-03
1.868725e-03
1.854420e-03
1.827478e-03
2.089739e-03
1.862764e-03
1.868248e-03
1.915216e-03
1.848221e-03
1.892328e-03
1.766443e-03
1.934767e-03
1.797199e-03
1.819849e-03
1.840830e-03
1.821280e-03
1.883268e-03
1.815319e-03
1.927614e-03
1.858234e-03
1.795053e-03
1.863003e-03
1.867056e-03
1.831055e-03
1.876116e-03
2.095938e-03
1.857996e-03
1.861572e-03
2.091408e-03
1.856327e-03
1.856565e-03
1.886129e-03
1.843691e-03
1.842737e-03
1.857519e-03
1.847267e-03
1.869917e-03
1.843452e-03
1.858711e-03
1.757860e-03
1.780510e-03
1.793623e-03
1.861334e-03
1.841784e-03
1.840591e-03
1.752853e-03
1.826286e-03
1.702309e-03
2.088547e-03
1.859188e-03
2.100945e-03
1.841068e-03
2.236843e-03
1.981735e-03
1.852989e-03
1.870155e-03
1.862526e-03
1.849174e-03
1.851320e-03
1.841307e-03
1.858473e-03
1.847267e-03
1.860619e-03
1.861095e-03
1.851559e-03
1.840591e-03
2.092838e-03
1.850605e-03
1.866102e-03
1.846790e-03
1.753807e-03
2.090454e-03
1.896143e-03
1.860619e-03
2.090693e-03
1.929998e-03
1.853466e-03
1.819849e-03
