1.620519e-01
1.583972e-01
1.585827e-01
1.592367e-01
1.583567e-01
1.584303e-01
1.581736e-01
1.595609e-01
1.581318e-01
1.582651e-01
1.579852e-01
1.591077e-01
1.584294e-01
1.582386e-01
1.584461e-01
1.579649e-01
1.595054e-01
1.582432e-01
1.582539e-01
1.580930e-01
1.581910e-01
1.581497e-01
1.581726e-01
1.581857e-01
1.581571e-01
1.581738e-01
1.582179e-01
1.581323e-01
1.580548e-01
1.582711e-01
1.581006e-01
1.580417e-01
1.581912e-01
1.584020e-01
1.586351e-01
1.583116e-01
1.582565e-01
1.582973e-01
1.581731e-01
1.582050e-01
1.583827e-01
1.594887e-01
1.583498e-01
1.583574e-01
1.583416e-01
1.583920e-01
1.592574e-01
1.581838e-01
1.584511e-01
1.581244e-01
1.581995e-01
1.581144e-01
1.579947e-01
1.579950e-01
1.582522e-01
1.583750e-01
1.588593e-01
1.582055e-01
1.581333e-01
1.581953e-01
1.579182e-01
1.577752e-01
1.590486e-01
1.582832e-01
1.582971e-01
1.580670e-01
1.583977e-01
1.581252e-01
1.582038e-01
1.582937e-01
1.581485e-01
1.581986e-01
1.582029e-01
1.582429e-01
1.580460e-01
1.581609e-01
1.580765e-01
1.579311e-01
1.583650e-01
1.582637e-01
1.582637e-01
1.585350e-01
1.580217e-01
1.582842e-01
1.582775e-01
1.579185e-01
1.581962e-01
1.583185e-01
1.592569e-01
1.583166e-01
1.593158e-01
1.582518e-01
1.582832e-01
1.579452e-01
1.580255e-01
1.583838e-01
1.581230e-01
1.581304e-01
1.582859e-01
1.581311e-01
1.584311e-01
1.582870e-01
1.584058e-01
1.594951e-01
1.580136e-01
1.583266e-01
1.579926e-01
1.583340e-01
1.582890e-01
1.579418e-01
1.580837e-01
1.581161e-01
1.580079e-01
1.586542e-01
1.583207e-01
1.579273e-01
1.592984e-01
1.583362e-01
1.582153e-01
1.580305e-01
1.582179e-01
1.580689e-01
1.583576e-01
1.580334e-01
1.579094e-01
1.579702e-01
1.581707e-01
1.582801e-01
1.582074e-01
1.581621e-01
1.582189e-01
1.581161e-01
1.583800e-01
1.582801e-01
1.581976e-01
1.585658e-01
1.581678e-01
1.582675e-01
1.582425e-01
1.583059e-01
1.580498e-01
1.581750e-01
1.581705e-01
1.583104e-01
1.579652e-01
1.584039e-01
1.590438e-01
1.581502e-01
1.579666e-01
1.581454e-01
1.585336e-01
1.593106e-01
1.583238e-01
1.582267e-01
1.581221e-01
1.583552e-01
1.593943e-01
1.581173e-01
1.583395e-01
1.581292e-01
1.584134e-01
1.589820e-01
1.582804e-01
1.582870e-01
1.579988e-01
1.575937e-01
1.583679e-01
1.584039e-01
1.583455e-01
1.582053e-01
1.582241e-01
1.581771e-01
1.582439e-01
1.583662e-01
1.585996e-01
1.581442e-01
1.583648e-01
1.583810e-01
1.584027e-01
1.585178e-01
1.584928e-01
1.594613e-01
1.584818e-01
1.581726e-01
1.585197e-01
1.586058e-01
1.582246e-01
1.583610e-01
1.591070e-01
1.584702e-01
1.583679e-01
1.584942e-01
1.581161e-01
1.586103e-01
1.583610e-01
1.585448e-01
1.583688e-01
1.587248e-01
1.582055e-01
1.584883e-01
1.585388e-01
1.584713e-01
1.582205e-01
1.580629e-01
1.583972e-01
1.582839e-01
1.581457e-01
1.586201e-01
1.584587e-01
1.584938e-01
1.583896e-01
1.583960e-01
1.582906e-01
1.583121e-01
1.585994e-01
1.584620e-01
1.581709e-01
1.581047e-01
1.584029e-01
1.582787e-01
1.582091e-01
1.585138e-01
1.582735e-01
1.585462e-01
1.585169e-01
1.583948e-01
1.583722e-01
1.593549e-01
1.584623e-01
1.583502e-01
1.583517e-01
1.584756e-01
1.595342e-01
1.581633e-01
1.583867e-01
1.582100e-01
1.584253e-01
1.583526e-01
1.581159e-01
1.581852e-01
1.582203e-01
1.583066e-01
1.583257e-01
1.583605e-01
1.583521e-01
1.582985e-01
1.579771e-01
1.579659e-01
1.581349e-01
1.580489e-01
1.594121e-01
1.582315e-01
1.591473e-01
1.590881e-01
1.582193e-01
1.582935e-01
1.579235e-01
1.593120e-01
1.583347e-01
1.581793e-01
1.582031e-01
1.594768e-01
1.581624e-01
1.581557e-01
1.582355e-01
1.579168e-01
1.583321e-01
1.583900e-01
1.583121e-01
1.584938e-01
1.583171e-01
1.580493e-01
1.579907e-01
1.592629e-01
1.583123e-01
1.584153e-01
1.581817e-01
1.582885e-01
1.581082e-01
1.579509e-01
1.582472e-01
1.579468e-01
1.580071e-01
1.582861e-01
1.582119e-01
1.579270e-01
1.582117e-01
1.581912e-01
1.584489e-01
1.580858e-01
1.582053e-01
1.583011e-01
1.581163e-01
1.582489e-01
1.583641e-01
1.581852e-01
1.582670e-01
1.581957e-01
1.581247e-01
1.581407e-01
1.584632e-01
1.591556e-01
1.583798e-01
1.582468e-01
1.582944e-01
1.583755e-01
1.579204e-01
1.584458e-01
1.580553e-01
1.583757e-01
1.583595e-01
1.582055e-01
1.584365e-01
1.594615e-01
1.583843e-01
1.582694e-01
1.583893e-01
1.581295e-01
1.582358e-01
1.582863e-01
1.583509e-01
1.581173e-01
1.582806e-01
1.586037e-01
1.583357e-01
1.583214e-01
1.581068e-01
1.582708e-01
1.582880e-01
1.583338e-01
1.593039e-01
1.582232e-01
1.592176e-01
1.581531e-01
1.581292e-01
1.582794e-01
1.582050e-01
1.582680e-01
1.582086e-01
1.583102e-01
1.580863e-01
1.579616e-01
1.583869e-01
1.579187e-01
1.577845e-01
1.582949e-01
1.584103e-01
1.583264e-01
1.582608e-01
1.581337e-01
1.583803e-01
1.581416e-01
1.582959e-01
1.581311e-01
1.580255e-01
1.581140e-01
1.582150e-01
1.581173e-01
1.591692e-01
1.581354e-01
1.581509e-01
1.581833e-01
1.582537e-01
1.591876e-01
1.582303e-01
1.581342e-01
1.583230e-01
1.581225e-01
1.582766e-01
1.581869e-01
1.581995e-01
1.586609e-01
1.580398e-01
1.584234e-01
1.583254e-01
1.581020e-01
1.584902e-01
1.581638e-01
1.582334e-01
1.593781e-01
1.578212e-01
1.591940e-01
1.581013e-01
1.581788e-01
1.580167e-01
1.581023e-01
1.580062e-01
1.593280e-01
1.582289e-01
1.580496e-01
1.580052e-01
1.580672e-01
1.580637e-01
1.582313e-01
1.580870e-01
1.580579e-01
1.581244e-01
1.579332e-01
1.582057e-01
1.581485e-01
1.579196e-01
1.582220e-01
1.582339e-01
1.578209e-01
1.578796e-01
1.583478e-01
1.581097e-01
1.582665e-01
1.583467e-01
1.582329e-01
1.582959e-01
1.591282e-01
1.581609e-01
1.583488e-01
1.582406e-01
1.578543e-01
1.592548e-01
1.583109e-01
1.592071e-01
1.581619e-01
1.580882e-01
1.579945e-01
1.581476e-01
1.581359e-01
1.579533e-01
1.578014e-01
1.591198e-01
1.580286e-01
1.578252e-01
1.579418e-01
1.593575e-01
1.578722e-01
1.581976e-01
1.580541e-01
1.580210e-01
1.582761e-01
1.591203e-01
1.580570e-01
1.582279e-01
1.581957e-01
1.579237e-01
1.580470e-01
1.581984e-01
1.584153e-01
1.583688e-01
1.582375e-01
1.584070e-01
1.591542e-01
1.580577e-01
1.584008e-01
1.594849e-01
1.592882e-01
1.586041e-01
1.584363e-01
1.582947e-01
1.584165e-01
1.584473e-01
1.582761e-01
1.582716e-01
1.583095e-01
1.594732e-01
1.583076e-01
1.581354e-01
1.583366e-01
1.582618e-01
1.583099e-01
1.583927e-01
1.581976e-01
1.580198e-01
1.581514e-01
1.580527e-01
1.579456e-01
1.579962e-01
1.583192e-01
1.581447e-01
1.582785e-01
1.591828e-01
1.582592e-01
1.594422e-01
1.580839e-01
1.581678e-01
1.582491e-01
1.581943e-01
1.583116e-01
1.584420e-01
1.581423e-01
1.581547e-01
1.581771e-01
1.582224e-01
1.593089e-01
1.581903e-01
1.582272e-01
1.584833e-01
1.580842e-01
1.583822e-01
1.584482e-01
1.581631e-01
1.580672e-01
1.583726e-01
1.584747e-01
1.585283e-01
1.581447e-01
1.583755e-01
1.581352e-01
1.583064e-01
1.582108e-01
1.590118e-01
1.578853e-01
1.581938e-01
1.582770e-01
1.581283e-01
1.584053e-01
1.582561e-01
1.582291e-01
1.580398e-01
1.584139e-01
1.580472e-01
1.584046e-01
1.578424e-01
1.582789e-01
1.582909e-01
1.580746e-01
1.583848e-01
1.581728e-01
1.581440e-01
1.584203e-01
1.581326e-01
1.580682e-01
1.582265e-01
1.582000e-01
1.581306e-01
1.581185e-01
1.591260e-01
1.582212e-01
1.582184e-01
1.582389e-01
1.581419e-01
1.581051e-01
1.582692e-01
1.580498e-01
1.580925e-01
1.582897e-01
1.581099e-01
1.581075e-01
1.581063e-01
1.582122e-01
1.579180e-01
1.581337e-01
1.579845e-01
1.580200e-01
1.581960e-01
1.581118e-01
1.583092e-01
1.583552e-01
1.582162e-01
1.578846e-01
1.580818e-01
1.582742e-01
1.580729e-01
1.582520e-01
1.582875e-01
1.580369e-01
1.583061e-01
1.592705e-01
1.582239e-01
1.580360e-01
1.584129e-01
1.580980e-01
1.582432e-01
1.583009e-01
1.583831e-01
1.578603e-01
1.581047e-01
1.581230e-01
1.580215e-01
1.581042e-01
1.583736e-01
1.583579e-01
1.581120e-01
1.594462e-01
1.581256e-01
1.592345e-01
1.583059e-01
1.582778e-01
1.581604e-01
1.581178e-01
1.582189e-01
1.584780e-01
1.607664e-01
1.581798e-01
1.582017e-01
1.590590e-01
1.592202e-01
1.596451e-01
1.580455e-01
1.583009e-01
1.580148e-01
1.579714e-01
1.583779e-01
1.583941e-01
1.581085e-01
1.582158e-01
1.581180e-01
1.582215e-01
1.583233e-01
1.590369e-01
1.581302e-01
1.584051e-01
1.583579e-01
1.582191e-01
1.584754e-01
1.578534e-01
1.583059e-01
1.582472e-01
1.590493e-01
1.582608e-01
1.590369e-01
1.581030e-01
1.581132e-01
1.581783e-01
1.591716e-01
1.579421e-01
1.581376e-01
1.583674e-01
1.594112e-01
1.580045e-01
1.584907e-01
1.581783e-01
1.582701e-01
1.581826e-01
1.580901e-01
1.592557e-01
1.583331e-01
1.592920e-01
1.580884e-01
1.582792e-01
1.582079e-01
1.581352e-01
1.584740e-01
1.579616e-01
1.592839e-01
1.581531e-01
1.584032e-01
1.583049e-01
1.583946e-01
1.581521e-01
1.580911e-01
1.581724e-01
1.582470e-01
1.583281e-01
1.581502e-01
1.581836e-01
1.579368e-01
1.591902e-01
1.583061e-01
1.584365e-01
1.581187e-01
1.585078e-01
1.581233e-01
1.581295e-01
1.581926e-01
1.581805e-01
1.582572e-01
1.611154e-01
1.609914e-01
1.610584e-01
1.610796e-01
1.610944e-01
1.610520e-01
1.612642e-01
1.611426e-01
1.612549e-01
1.618743e-01
1.612802e-01
1.620123e-01
1.627343e-01
1.627655e-01
1.627436e-01
1.634178e-01
1.627986e-01
1.627133e-01
1.626129e-01
1.625514e-01
1.627672e-01
1.625938e-01
1.627481e-01
1.634715e-01
1.626070e-01
1.654856e-01
1.676641e-01
