5.176067e-04
3.564358e-04
3.440380e-04
3.495216e-04
3.476143e-04
3.361702e-04
2.956390e-04
3.507137e-04
3.278255e-04
2.787113e-04
3.390312e-04
3.650188e-04
2.946854e-04
2.915859e-04
3.001690e-04
2.982616e-04
3.955364e-04
3.204346e-04
5.085468e-04
2.853870e-04
2.417564e-04
3.533363e-04
3.707409e-04
2.949238e-04
3.280640e-04
3.232956e-04
5.114079e-04
3.254414e-04
3.330708e-04
3.204346e-04
2.877712e-04
3.392696e-04
2.710819e-04
3.919601e-04
3.652573e-04
2.748966e-04
2.622604e-04
2.784729e-04
3.488064e-04
2.443790e-04
4.453659e-04
2.901554e-04
3.228188e-04
3.542900e-04
2.758503e-04
3.726482e-04
3.361702e-04
3.478527e-04
3.261566e-04
5.290508e-04
3.621578e-04
3.399849e-04
3.201962e-04
5.209446e-04
3.674030e-04
3.387928e-04
3.142357e-04
5.216599e-04
3.585815e-04
2.944469e-04
3.924370e-04
3.204346e-04
2.963543e-04
2.918243e-04
3.843307e-04
3.194809e-04
3.132820e-04
2.911091e-04
2.415180e-04
3.702641e-04
3.709793e-04
2.751350e-04
2.756119e-04
2.942085e-04
3.464222e-04
2.708435e-04
5.786419e-04
3.194809e-04
3.147125e-04
3.025532e-04
4.944801e-04
3.225803e-04
3.118515e-04
3.433228e-04
4.999638e-04
3.192425e-04
3.132820e-04
3.416538e-04
4.916191e-04
3.235340e-04
3.118515e-04
3.092289e-04
2.877712e-04
3.211498e-04
3.144741e-04
5.073547e-04
3.719330e-04
3.204346e-04
3.111362e-04
3.454685e-04
2.894402e-04
3.275871e-04
3.502369e-04
3.476143e-04
3.588200e-04
4.832745e-04
3.521442e-04
3.502369e-04
3.583431e-04
4.825592e-04
3.521442e-04
5.533695e-04
3.869534e-04
2.865791e-04
3.030300e-04
3.454685e-04
3.921986e-04
2.851486e-04
3.025532e-04
3.430843e-04
3.821850e-04
2.877712e-04
2.999306e-04
3.454685e-04
3.845692e-04
2.918243e-04
3.020763e-04
3.468990e-04
2.753735e-04
3.731251e-04
3.676414e-04
3.049374e-04
4.112720e-04
4.003048e-04
3.707409e-04
3.247261e-04
2.670288e-04
3.502369e-04
3.597736e-04
3.035069e-04
3.230572e-04
5.202293e-04
3.538132e-04
3.328323e-04
3.311634e-04
3.201962e-04
3.528595e-04
3.364086e-04
2.963543e-04
3.235340e-04
2.832413e-04
3.330708e-04
2.779961e-04
3.476143e-04
3.628731e-04
2.655983e-04
3.232956e-04
2.999306e-04
3.495216e-04
2.751350e-04
4.818439e-04
3.206730e-04
3.182888e-04
3.397465e-04
4.405975e-04
4.265308e-04
3.323555e-04
2.753735e-04
5.745888e-04
4.947186e-04
3.292561e-04
2.682209e-04
2.989769e-04
3.650188e-04
3.271103e-04
2.715588e-04
2.756119e-04
3.085136e-04
3.662109e-04
2.458096e-04
2.748966e-04
3.116131e-04
3.452301e-04
2.689362e-04
2.830029e-04
3.271103e-04
3.488064e-04
3.461838e-04
3.540516e-04
3.328323e-04
3.504753e-04
3.528595e-04
2.708435e-04
3.638268e-04
3.371239e-04
2.813339e-04
3.235340e-04
5.052090e-04
3.664494e-04
3.030300e-04
3.297329e-04
3.077984e-04
3.678799e-04
2.646446e-04
2.784729e-04
2.985001e-04
3.511906e-04
2.765656e-04
4.262924e-04
3.201962e-04
3.201962e-04
3.459454e-04
3.683567e-04
3.135204e-04
3.211498e-04
3.416538e-04
3.027916e-04
3.170967e-04
3.206730e-04
3.445148e-04
4.365444e-04
3.225803e-04
3.209114e-04
3.540516e-04
4.384518e-04
3.194809e-04
3.247261e-04
3.333092e-04
4.866123e-04
3.199577e-04
3.252029e-04
3.452301e-04
4.389286e-04
3.213882e-04
3.173351e-04
3.492832e-04
4.384518e-04
3.161430e-04
3.228188e-04
3.020763e-04
3.755093e-04
3.206730e-04
3.240108e-04
3.521442e-04
4.911423e-04
3.201962e-04
3.499985e-04
3.511906e-04
3.499985e-04
3.230572e-04
3.497601e-04
3.464222e-04
3.569126e-04
3.156662e-04
3.449917e-04
3.519058e-04
3.318787e-04
3.330708e-04
3.271103e-04
2.651215e-04
3.256798e-04
3.404617e-04
3.731251e-04
2.677441e-04
2.775192e-04
4.839897e-04
3.714561e-04
3.097057e-04
3.299713e-04
4.417896e-04
3.602505e-04
3.080368e-04
3.235340e-04
4.427433e-04
3.619194e-04
2.889633e-04
3.211498e-04
5.068779e-04
3.635883e-04
3.366470e-04
3.154278e-04
3.039837e-04
3.647804e-04
2.768040e-04
3.359318e-04
3.139973e-04
3.013611e-04
2.963543e-04
2.686977e-04
3.914833e-04
3.645420e-04
3.216267e-04
2.660751e-04
3.502369e-04
3.480911e-04
2.684593e-04
3.700256e-04
3.206730e-04
3.192425e-04
3.106594e-04
2.825260e-04
3.221035e-04
2.973080e-04
3.492832e-04
3.864765e-04
3.180504e-04
2.961159e-04
3.516674e-04
2.758503e-04
3.683567e-04
3.290176e-04
2.946854e-04
2.706051e-04
5.214214e-04
3.604889e-04
3.645420e-04
3.182888e-04
3.106594e-04
5.462170e-04
3.364086e-04
3.228188e-04
3.106594e-04
5.593300e-04
3.335476e-04
2.977848e-04
3.244877e-04
3.030300e-04
3.304482e-04
2.732277e-04
3.509521e-04
3.323555e-04
2.746582e-04
2.639294e-04
3.693104e-04
3.085136e-04
3.504753e-04
3.712177e-04
3.211498e-04
3.204346e-04
3.480911e-04
2.636909e-04
3.271103e-04
2.968311e-04
3.492832e-04
2.682209e-04
3.736019e-04
3.306866e-04
2.896786e-04
2.717972e-04
3.073215e-04
3.585815e-04
2.849102e-04
3.151894e-04
5.216599e-04
3.616810e-04
2.937317e-04
3.936291e-04
3.201962e-04
5.083084e-04
2.913475e-04
2.422333e-04
3.683567e-04
5.159378e-04
2.784729e-04
2.686977e-04
2.982616e-04
3.433228e-04
2.729893e-04
5.667210e-04
3.254414e-04
3.135204e-04
3.297329e-04
3.795624e-04
2.861023e-04
3.225803e-04
3.466606e-04
4.436970e-04
2.870560e-04
3.204346e-04
3.011227e-04
4.494190e-04
2.901554e-04
3.242493e-04
3.478527e-04
3.726482e-04
2.896786e-04
3.192425e-04
3.497601e-04
3.707409e-04
2.985001e-04
3.199577e-04
3.433228e-04
3.769398e-04
2.846718e-04
3.240108e-04
3.435612e-04
2.822876e-04
2.849102e-04
3.521442e-04
3.476143e-04
3.464222e-04
2.880096e-04
3.483295e-04
3.497601e-04
3.864765e-04
4.417896e-04
3.180504e-04
3.502369e-04
2.741814e-04
4.827976e-04
3.547668e-04
2.915859e-04
3.252029e-04
2.782345e-04
3.383160e-04
2.677441e-04
3.619194e-04
3.159046e-04
3.173351e-04
3.104210e-04
3.569126e-04
3.490448e-04
3.452301e-04
2.553463e-04
2.894402e-04
2.744198e-04
3.700256e-04
3.101826e-04
3.259182e-04
3.161430e-04
3.025532e-04
3.306866e-04
2.751350e-04
3.569126e-04
3.466606e-04
3.457069e-04
2.479553e-04
3.278255e-04
3.135204e-04
3.485680e-04
3.943443e-04
3.266335e-04
3.159046e-04
3.368855e-04
4.386902e-04
3.421307e-04
3.290176e-04
3.225803e-04
2.696514e-04
3.714561e-04
2.815723e-04
3.514290e-04
3.211498e-04
2.977848e-04
3.275871e-04
3.452301e-04
3.228188e-04
3.008842e-04
3.314018e-04
3.471375e-04
3.271103e-04
3.008842e-04
3.256798e-04
3.461838e-04
3.256798e-04
3.075600e-04
3.256798e-04
4.916191e-04
3.933907e-04
2.875328e-04
3.023148e-04
3.437996e-04
3.647804e-04
5.698204e-04
2.899170e-04
2.744198e-04
2.739429e-04
3.669262e-04
3.366470e-04
2.930164e-04
6.616116e-04
5.500317e-04
3.538132e-04
2.892017e-04
2.772808e-04
3.001690e-04
3.342628e-04
3.437996e-04
2.591610e-04
3.204346e-04
3.492832e-04
3.504753e-04
4.920959e-04
2.906322e-04
3.032684e-04
3.430843e-04
3.824234e-04
2.880096e-04
3.042221e-04
3.185272e-04
3.390312e-04
3.230572e-04
2.982616e-04
3.483295e-04
3.826618e-04
3.170967e-04
2.977848e-04
3.478527e-04
3.871918e-04
3.192425e-04
2.949238e-04
3.430843e-04
3.836155e-04
3.182888e-04
3.037453e-04
3.499985e-04
3.843307e-04
3.206730e-04
2.958775e-04
3.404617e-04
3.821850e-04
3.170967e-04
2.980232e-04
3.490448e-04
2.756119e-04
3.666878e-04
3.342628e-04
2.903938e-04
3.237724e-04
5.214214e-04
3.619194e-04
3.304482e-04
3.244877e-04
5.180836e-04
3.595352e-04
2.982616e-04
3.201962e-04
5.149841e-04
3.585815e-04
3.647804e-04
3.228188e-04
3.137589e-04
5.080700e-04
3.404617e-04
2.982616e-04
3.292561e-04
2.820492e-04
3.342628e-04
2.686977e-04
3.902912e-04
3.597736e-04
2.605915e-04
2.748966e-04
2.977848e-04
3.461838e-04
3.461838e-04
5.657673e-04
2.877712e-04
3.254414e-04
3.437996e-04
2.849102e-04
2.908707e-04
3.275871e-04
3.461838e-04
4.925728e-04
2.872944e-04
3.180504e-04
3.490448e-04
3.664494e-04
3.297329e-04
3.175735e-04
3.113747e-04
5.023479e-04
3.235340e-04
3.111362e-04
3.483295e-04
3.936291e-04
3.228188e-04
3.149509e-04
3.437996e-04
2.577305e-04
3.023148e-04
3.240108e-04
3.380775e-04
3.597736e-04
3.275871e-04
3.528595e-04
3.468990e-04
3.132820e-04
5.273819e-04
3.516674e-04
3.516674e-04
3.542900e-04
4.842281e-04
3.516674e-04
3.530979e-04
2.727509e-04
3.654957e-04
3.325939e-04
2.825260e-04
3.223419e-04
5.059242e-04
3.647804e-04
2.641678e-04
3.228188e-04
2.963543e-04
3.483295e-04
2.744198e-04
4.327297e-04
3.201962e-04
3.204346e-04
3.461838e-04
4.370213e-04
3.209114e-04
3.209114e-04
3.473759e-04
4.353523e-04
3.182888e-04
3.209114e-04
3.433228e-04
4.396439e-04
3.201962e-04
3.170967e-04
3.509521e-04
4.370213e-04
3.237724e-04
3.223419e-04
3.471375e-04
2.627373e-04
3.268719e-04
3.471375e-04
3.492832e-04
3.876686e-04
3.178120e-04
2.946854e-04
3.499985e-04
2.734661e-04
4.272461e-04
3.619194e-04
2.624989e-04
2.527237e-04
3.490448e-04
3.490448e-04
2.751350e-04
3.321171e-04
3.209114e-04
3.263950e-04
3.364086e-04
2.827644e-04
3.399849e-04
3.275871e-04
2.894402e-04
2.682209e-04
3.716946e-04
3.318787e-04
2.853870e-04
2.839565e-04
3.628731e-04
3.111362e-04
2.923012e-04
3.240108e-04
3.032684e-04
3.600121e-04
2.703667e-04
2.956390e-04
3.077984e-04
3.564358e-04
3.094673e-04
3.225803e-04
3.080368e-04
3.674030e-04
2.467632e-04
2.748966e-04
3.035069e-04
3.569126e-04
2.753735e-04
3.654957e-04
3.275871e-04
3.221035e-04
3.468990e-04
4.355907e-04
3.275871e-04
3.178120e-04
3.430843e-04
5.328655e-04
2.803802e-04
3.542900e-04
4.477501e-04
2.887249e-04
3.178120e-04
3.459454e-04
3.719330e-04
2.884865e-04
3.204346e-04
3.464222e-04
3.724098e-04
2.880096e-04
3.216267e-04
3.468990e-04
5.042553e-04
3.168583e-04
2.982616e-04
3.428459e-04
3.859997e-04
3.142357e-04
2.980232e-04
3.483295e-04
3.845692e-04
3.197193e-04
2.982616e-04
3.497601e-04
3.826618e-04
3.190041e-04
2.980232e-04
3.459454e-04
2.703667e-04
4.281998e-04
3.695488e-04
2.651215e-04
2.486706e-04
3.499985e-04
3.509521e-04
2.765656e-04
4.975796e-04
3.247261e-04
3.240108e-04
3.461838e-04
3.967285e-04
3.242493e-04
3.211498e-04
3.430843e-04
4.372597e-04
3.211498e-04
3.216267e-04
3.399849e-04
4.429817e-04
3.223419e-04
3.185272e-04
3.492832e-04
4.379749e-04
3.154278e-04
3.197193e-04
3.478527e-04
5.702972e-04
2.861023e-04
3.228188e-04
3.411770e-04
3.309250e-04
2.849102e-04
3.192425e-04
3.101826e-04
4.951954e-04
2.865791e-04
3.209114e-04
3.459454e-04
2.975464e-04
2.810955e-04
3.654957e-04
3.044605e-04
3.263950e-04
3.237724e-04
3.054142e-04
3.299713e-04
2.768040e-04
3.499985e-04
2.999306e-04
3.015995e-04
3.206730e-04
3.199577e-04
3.533363e-04
3.361702e-04
3.235340e-04
3.180504e-04
3.108978e-04
3.359318e-04
3.943443e-04
3.206730e-04
3.523827e-04
3.235340e-04
2.710819e-04
3.905296e-04
5.700588e-04
2.498627e-04
2.748966e-04
2.818108e-04
3.552437e-04
2.739429e-04
5.717278e-04
2.880096e-04
3.209114e-04
3.426075e-04
4.968643e-04
2.908707e-04
3.240108e-04
3.464222e-04
2.672672e-04
2.846718e-04
3.318787e-04
2.689362e-04
3.924370e-04
4.441738e-04
2.996922e-04
3.433228e-04
3.850460e-04
2.841949e-04
3.058910e-04
3.437996e-04
2.381802e-04
3.371239e-04
3.671646e-04
2.913475e-04
3.204346e-04
2.787113e-04
3.657341e-04
3.032684e-04
3.201962e-04
3.113747e-04
3.409386e-04
3.283024e-04
5.967617e-04
3.232956e-04
2.813339e-04
3.378391e-04
2.677441e-04
3.881454e-04
4.260540e-04
2.641678e-04
3.247261e-04
2.963543e-04
3.464222e-04
3.399849e-04
5.648136e-04
2.927780e-04
3.190041e-04
3.480911e-04
2.863407e-04
2.775192e-04
3.650188e-04
3.054142e-04
3.297329e-04
3.201962e-04
2.977848e-04
3.297329e-04
2.825260e-04
3.092289e-04
4.746914e-04
2.772808e-04
2.615452e-04
3.645420e-04
3.085136e-04
3.466606e-04
4.272461e-04
3.216267e-04
3.204346e-04
3.077984e-04
4.358292e-04
3.187656e-04
3.182888e-04
3.423691e-04
3.650188e-04
3.190041e-04
3.204346e-04
3.542900e-04
4.370213e-04
3.201962e-04
3.173351e-04
3.423691e-04
4.396439e-04
4.205704e-04
3.287792e-04
2.751350e-04
4.982948e-04
3.378391e-04
3.368855e-04
3.452301e-04
4.646778e-04
3.445148e-04
3.650188e-04
2.985001e-04
2.720356e-04
5.090237e-04
3.597736e-04
2.646446e-04
3.256798e-04
2.963543e-04
3.511906e-04
2.655983e-04
3.659725e-04
3.170967e-04
3.201962e-04
3.442764e-04
3.738403e-04
3.194809e-04
2.851486e-04
3.471375e-04
4.944801e-04
3.161430e-04
3.252029e-04
3.499985e-04
4.363060e-04
3.192425e-04
3.204346e-04
2.977848e-04
4.363060e-04
3.259182e-04
3.201962e-04
3.457069e-04
4.940033e-04
3.182888e-04
3.216267e-04
3.426075e-04
4.439354e-04
3.256798e-04
3.235340e-04
3.323555e-04
4.849434e-04
4.293919e-04
3.321171e-04
2.746582e-04
5.731583e-04
4.944801e-04
3.340244e-04
2.689362e-04
3.094673e-04
3.466606e-04
3.464222e-04
2.620220e-04
3.302097e-04
3.075600e-04
3.404617e-04
3.328323e-04
3.232956e-04
3.280640e-04
3.046989e-04
3.371239e-04
3.228188e-04
3.135204e-04
3.468990e-04
2.567768e-04
3.345013e-04
2.810955e-04
3.497601e-04
3.826618e-04
3.354549e-04
2.815723e-04
3.435612e-04
3.492832e-04
3.173351e-04
2.973080e-04
3.440380e-04
3.526211e-04
3.335476e-04
2.944469e-04
3.442764e-04
3.900528e-04
3.333092e-04
2.934933e-04
3.461838e-04
3.526211e-04
3.354549e-04
2.970695e-04
3.423691e-04
3.616810e-04
3.328323e-04
3.011227e-04
3.449917e-04
3.526211e-04
3.337860e-04
2.951622e-04
3.464222e-04
3.499985e-04
3.304482e-04
2.987385e-04
3.337860e-04
5.486012e-04
3.244877e-04
2.963543e-04
3.404617e-04
3.528595e-04
3.333092e-04
2.937317e-04
3.437996e-04
4.961491e-04
4.882812e-04
2.851486e-04
3.538132e-04
3.209114e-04
3.073215e-04
3.652573e-04
3.044605e-04
3.168583e-04
3.075600e-04
4.010201e-04
4.453659e-04
5.464554e-04
5.280972e-04
3.013611e-04
2.939701e-04
2.458096e-04
3.623962e-04
