1.307774e-02
1.232576e-02
1.233077e-02
1.264048e-02
1.197481e-02
1.202416e-02
1.201200e-02
1.203322e-02
1.190519e-02
1.182461e-02
1.167655e-02
1.183772e-02
1.167154e-02
1.208544e-02
1.179790e-02
1.216984e-02
1.179790e-02
1.165581e-02
1.194334e-02
1.168489e-02
1.178432e-02
1.179743e-02
1.212788e-02
1.167774e-02
1.197529e-02
1.179504e-02
1.175976e-02
1.195979e-02
1.181626e-02
1.215482e-02
1.187778e-02
1.160526e-02
1.182938e-02
1.163459e-02
1.161027e-02
1.167965e-02
1.196504e-02
1.208138e-02
1.166797e-02
1.185441e-02
1.168060e-02
1.196909e-02
1.182294e-02
1.164246e-02
1.161194e-02
1.199102e-02
1.186633e-02
1.196170e-02
1.168513e-02
1.161027e-02
1.183486e-02
1.185489e-02
1.213598e-02
1.164937e-02
1.178932e-02
1.162267e-02
1.182294e-02
1.187086e-02
1.205182e-02
1.194000e-02
1.162362e-02
1.179647e-02
1.191592e-02
1.196027e-02
1.188850e-02
1.176047e-02
1.182485e-02
1.165867e-02
1.213455e-02
1.178551e-02
1.182389e-02
1.162219e-02
1.175308e-02
1.173663e-02
1.198006e-02
1.160860e-02
1.180792e-02
1.173520e-02
1.162934e-02
1.170874e-02
1.179194e-02
1.163220e-02
1.160383e-02
1.176953e-02
1.165819e-02
1.162982e-02
1.191759e-02
1.194167e-02
1.166534e-02
1.183057e-02
1.202726e-02
1.171899e-02
1.195121e-02
1.223564e-02
1.175237e-02
1.162195e-02
1.178241e-02
1.178980e-02
1.163244e-02
1.166797e-02
1.197934e-02
1.182628e-02
1.187420e-02
1.178145e-02
1.182771e-02
1.194000e-02
1.186371e-02
1.185369e-02
1.176381e-02
1.161885e-02
1.168203e-02
1.164675e-02
1.162052e-02
1.189852e-02
1.187181e-02
1.182175e-02
1.195908e-02
1.180291e-02
1.191926e-02
1.182795e-02
1.159215e-02
1.163888e-02
1.180506e-02
1.198912e-02
1.197314e-02
1.185369e-02
1.176524e-02
1.195240e-02
1.217294e-02
1.164651e-02
1.203966e-02
1.197362e-02
1.210856e-02
1.175189e-02
1.198101e-02
1.195908e-02
1.181436e-02
1.205301e-02
1.205850e-02
1.198339e-02
1.194263e-02
1.160192e-02
1.179552e-02
1.196742e-02
1.186872e-02
1.161671e-02
1.177573e-02
1.166105e-02
1.183724e-02
1.194263e-02
1.179957e-02
1.164651e-02
1.200509e-02
1.164317e-02
1.205611e-02
1.200628e-02
1.180053e-02
1.178575e-02
1.179385e-02
1.177955e-02
1.174212e-02
1.157451e-02
1.219535e-02
1.213264e-02
1.200223e-02
1.177192e-02
1.168013e-02
1.209998e-02
1.182055e-02
1.198077e-02
1.200175e-02
1.163840e-02
1.207137e-02
1.182580e-02
1.180720e-02
1.166368e-02
1.188827e-02
1.187634e-02
1.176834e-02
1.181555e-02
1.163340e-02
1.212072e-02
1.195478e-02
1.180720e-02
1.203585e-02
1.199961e-02
1.158094e-02
1.181293e-02
1.179767e-02
1.214290e-02
1.209354e-02
1.162434e-02
1.188016e-02
1.164126e-02
1.175332e-02
1.191974e-02
1.164675e-02
1.179886e-02
1.177502e-02
1.180959e-02
1.202941e-02
1.186967e-02
1.165485e-02
1.180220e-02
1.209140e-02
1.162720e-02
1.161504e-02
1.179481e-02
1.172376e-02
1.181889e-02
1.191187e-02
1.212597e-02
1.176977e-02
1.194620e-02
1.178408e-02
1.177931e-02
1.185942e-02
1.164722e-02
1.165318e-02
1.198149e-02
1.328111e-02
1.204443e-02
1.195025e-02
1.178813e-02
1.164365e-02
1.181769e-02
1.199365e-02
1.162767e-02
1.182842e-02
1.161933e-02
1.164317e-02
1.199651e-02
1.194835e-02
1.176763e-02
1.178956e-02
1.176023e-02
1.182985e-02
1.197505e-02
1.177216e-02
1.163316e-02
1.177335e-02
1.165485e-02
1.163411e-02
1.189065e-02
1.180029e-02
1.164436e-02
1.200366e-02
1.161265e-02
1.177263e-02
1.173353e-02
1.180720e-02
1.196861e-02
1.194859e-02
1.197886e-02
1.199818e-02
1.214552e-02
1.208544e-02
1.174188e-02
1.162672e-02
1.196361e-02
1.165247e-02
1.193166e-02
1.185012e-02
1.186085e-02
1.201963e-02
1.199865e-02
1.163316e-02
1.160812e-02
1.165652e-02
1.203918e-02
1.205349e-02
1.184249e-02
1.180005e-02
1.196003e-02
1.179385e-02
1.162267e-02
1.209712e-02
1.198483e-02
1.195049e-02
1.161098e-02
1.164460e-02
1.162457e-02
1.196551e-02
1.182723e-02
1.182008e-02
1.164603e-02
1.180434e-02
1.179981e-02
1.193762e-02
1.214552e-02
1.174307e-02
1.188684e-02
1.196933e-02
1.163626e-02
1.205373e-02
1.210880e-02
1.455712e-02
1.190901e-02
1.189375e-02
1.210451e-02
1.174068e-02
1.165390e-02
1.180840e-02
1.180363e-02
1.211262e-02
1.160097e-02
1.188087e-02
1.179695e-02
1.182985e-02
1.195335e-02
1.189184e-02
1.195407e-02
1.196408e-02
1.202846e-02
1.173878e-02
1.212764e-02
1.166344e-02
1.165318e-02
1.159835e-02
1.170301e-02
1.165986e-02
1.162386e-02
1.180696e-02
1.195145e-02
1.189828e-02
1.212478e-02
1.176524e-02
1.200414e-02
1.193905e-02
1.170874e-02
1.216435e-02
1.201034e-02
1.193666e-02
1.198816e-02
1.205516e-02
1.208687e-02
1.173425e-02
1.182652e-02
1.197481e-02
1.180124e-02
1.160479e-02
1.198792e-02
1.172304e-02
1.194429e-02
1.192498e-02
1.175165e-02
1.159048e-02
1.197720e-02
1.186395e-02
1.179576e-02
1.161194e-02
1.172805e-02
1.161933e-02
1.197815e-02
1.197720e-02
1.164865e-02
1.176476e-02
1.162243e-02
1.215267e-02
1.179624e-02
1.196337e-02
1.209354e-02
1.193261e-02
1.164412e-02
1.194239e-02
1.169086e-02
1.167250e-02
1.160955e-02
1.164126e-02
1.183534e-02
1.179767e-02
1.179838e-02
1.180959e-02
1.213074e-02
1.183796e-02
1.175714e-02
1.205468e-02
1.159716e-02
1.176167e-02
1.194000e-02
1.213837e-02
1.198006e-02
1.179218e-02
1.190233e-02
1.158619e-02
1.178908e-02
1.186347e-02
1.161337e-02
1.194143e-02
1.169538e-02
1.161766e-02
1.174140e-02
1.190877e-02
1.181602e-02
1.180196e-02
1.175904e-02
1.180983e-02
1.162720e-02
1.176143e-02
1.200843e-02
1.178145e-02
1.162338e-02
1.210976e-02
1.189446e-02
1.187277e-02
1.208162e-02
1.211596e-02
1.170182e-02
1.185656e-02
1.165104e-02
1.183891e-02
1.193738e-02
1.177025e-02
1.167631e-02
1.183152e-02
1.158118e-02
1.179719e-02
1.192951e-02
1.180983e-02
1.182699e-02
1.199484e-02
1.201057e-02
1.178908e-02
1.216054e-02
1.182127e-02
1.179624e-02
1.195025e-02
1.213264e-02
1.176739e-02
1.197100e-02
1.176500e-02
1.179957e-02
1.177740e-02
1.206326e-02
1.196671e-02
1.186943e-02
1.192570e-02
1.175666e-02
1.186848e-02
1.192403e-02
1.332355e-02
1.174116e-02
1.185513e-02
1.211572e-02
1.197457e-02
1.195383e-02
1.146817e-02
1.179361e-02
1.181364e-02
1.179028e-02
1.196098e-02
1.197720e-02
1.198077e-02
1.175785e-02
1.206446e-02
1.161838e-02
1.208472e-02
1.194096e-02
1.179576e-02
1.158905e-02
1.177001e-02
1.213455e-02
1.167822e-02
1.175714e-02
1.212478e-02
1.203990e-02
1.166415e-02
1.180863e-02
1.180100e-02
1.175046e-02
1.186228e-02
1.159739e-02
1.179385e-02
1.216197e-02
1.195812e-02
1.188302e-02
1.166654e-02
1.194501e-02
1.209402e-02
1.167917e-02
1.165080e-02
1.196313e-02
1.164055e-02
1.175690e-02
1.165867e-02
1.185298e-02
1.175261e-02
1.193380e-02
1.186013e-02
1.177597e-02
1.182628e-02
1.193047e-02
1.181149e-02
1.160192e-02
1.179457e-02
1.164222e-02
1.185203e-02
1.159954e-02
1.179719e-02
1.163483e-02
1.183677e-02
1.176000e-02
1.200914e-02
1.195860e-02
1.175952e-02
1.179934e-02
1.188278e-02
1.265287e-02
1.167536e-02
1.159692e-02
1.192498e-02
1.208735e-02
1.201797e-02
1.200795e-02
1.166892e-02
1.168346e-02
1.179171e-02
1.179266e-02
1.182270e-02
1.161265e-02
1.179194e-02
1.167655e-02
1.193261e-02
1.212645e-02
1.162577e-02
1.210451e-02
1.194406e-02
1.198721e-02
1.169515e-02
1.180243e-02
1.202464e-02
1.178074e-02
1.165342e-02
1.202083e-02
1.212049e-02
1.178551e-02
1.182628e-02
1.183081e-02
1.198792e-02
1.181340e-02
1.195717e-02
1.165509e-02
1.161075e-02
1.179314e-02
1.172543e-02
1.162791e-02
1.160836e-02
1.160955e-02
1.177573e-02
1.166034e-02
1.183319e-02
1.347184e-02
1.182508e-02
1.164031e-02
1.197934e-02
1.184583e-02
1.176977e-02
1.178789e-02
1.180720e-02
1.176977e-02
1.207304e-02
1.175761e-02
1.201987e-02
1.206183e-02
1.214647e-02
1.178050e-02
1.213241e-02
1.177001e-02
1.194382e-02
1.166749e-02
1.194239e-02
1.183128e-02
1.180625e-02
1.176429e-02
1.179385e-02
1.179051e-02
1.167750e-02
1.160216e-02
1.168823e-02
1.175499e-02
1.213384e-02
1.161647e-02
1.193929e-02
1.195216e-02
1.179481e-02
1.216674e-02
1.168203e-02
1.178885e-02
1.174664e-02
1.160145e-02
1.173353e-02
1.177979e-02
1.175308e-02
1.168394e-02
1.171827e-02
1.153517e-02
1.183271e-02
1.180100e-02
1.191115e-02
1.183105e-02
1.204395e-02
1.177454e-02
1.177168e-02
1.180863e-02
1.168084e-02
1.179814e-02
1.211119e-02
1.193428e-02
1.191783e-02
1.197267e-02
1.165247e-02
1.170540e-02
1.166582e-02
1.178670e-02
1.165700e-02
1.167917e-02
1.175141e-02
1.210666e-02
1.190591e-02
1.166773e-02
1.198101e-02
1.189828e-02
1.196718e-02
1.180482e-02
1.196313e-02
1.179242e-02
1.165605e-02
1.182795e-02
1.181245e-02
1.196814e-02
1.199055e-02
1.201653e-02
1.201177e-02
1.205230e-02
1.196003e-02
1.171923e-02
1.190567e-02
1.180983e-02
1.163530e-02
1.165223e-02
1.179910e-02
1.159668e-02
1.182437e-02
1.194024e-02
1.176047e-02
1.165652e-02
1.185060e-02
1.190114e-02
1.166892e-02
1.187778e-02
1.178598e-02
1.163316e-02
1.165533e-02
1.181650e-02
1.182914e-02
1.183319e-02
1.176858e-02
1.173735e-02
1.207757e-02
1.161909e-02
1.178551e-02
1.163578e-02
1.214218e-02
1.213574e-02
1.200175e-02
1.194954e-02
1.165152e-02
1.192117e-02
1.199007e-02
1.176476e-02
1.198530e-02
1.217794e-02
1.177645e-02
1.200008e-02
1.178551e-02
1.178956e-02
1.189709e-02
1.164126e-02
1.178241e-02
1.205683e-02
1.190925e-02
1.204133e-02
1.201773e-02
1.188159e-02
1.168728e-02
1.174307e-02
1.156306e-02
1.180243e-02
1.160550e-02
1.191998e-02
1.164246e-02
1.160908e-02
1.179266e-02
1.180267e-02
1.197171e-02
1.193118e-02
1.181269e-02
1.210737e-02
1.160312e-02
1.167822e-02
1.176691e-02
1.159120e-02
1.168561e-02
1.162744e-02
1.165271e-02
1.198196e-02
1.166272e-02
1.177955e-02
1.213455e-02
1.177645e-02
1.191998e-02
1.173186e-02
1.180887e-02
1.195168e-02
1.162601e-02
1.165342e-02
1.205134e-02
1.181459e-02
1.191235e-02
1.183558e-02
1.212716e-02
1.169229e-02
1.163268e-02
1.181340e-02
1.163197e-02
1.166105e-02
1.157451e-02
1.193070e-02
1.189804e-02
1.179242e-02
1.197886e-02
1.199198e-02
1.179957e-02
1.190758e-02
1.212740e-02
1.161408e-02
1.179457e-02
1.179457e-02
1.181722e-02
1.197338e-02
1.184320e-02
1.178384e-02
1.185894e-02
1.184773e-02
1.193643e-02
1.175213e-02
1.183581e-02
1.189303e-02
1.182604e-02
1.197481e-02
1.198769e-02
1.180506e-02
1.173234e-02
1.175094e-02
1.216507e-02
1.177716e-02
1.178360e-02
1.185060e-02
1.164699e-02
1.181388e-02
1.177859e-02
1.167607e-02
1.182890e-02
1.194215e-02
1.174998e-02
1.161289e-02
1.219130e-02
1.171184e-02
1.172042e-02
1.182938e-02
1.178336e-02
1.166654e-02
1.215935e-02
1.159143e-02
1.215410e-02
1.200175e-02
1.164198e-02
1.181245e-02
1.178241e-02
1.180744e-02
1.180339e-02
1.162577e-02
1.166058e-02
1.195383e-02
1.189756e-02
1.223040e-02
1.188684e-02
1.197720e-02
1.162696e-02
1.210666e-02
1.169038e-02
1.183343e-02
1.197553e-02
1.182580e-02
1.194334e-02
1.179433e-02
1.183462e-02
1.175117e-02
1.186323e-02
1.177669e-02
1.195288e-02
1.179504e-02
1.194167e-02
1.195312e-02
1.183939e-02
1.164699e-02
1.162672e-02
1.176858e-02
1.193094e-02
1.200151e-02
1.211572e-02
1.160288e-02
1.172328e-02
1.252842e-02
1.214194e-02
1.197052e-02
1.161265e-02
1.177073e-02
1.161265e-02
1.182628e-02
1.174712e-02
1.183200e-02
1.194620e-02
1.165843e-02
1.165080e-02
1.181006e-02
1.196885e-02
1.196098e-02
1.207113e-02
1.157928e-02
1.170135e-02
1.181364e-02
1.178098e-02
1.164722e-02
1.164007e-02
1.196361e-02
1.164103e-02
1.179218e-02
1.204538e-02
1.179528e-02
1.165152e-02
1.194906e-02
1.208377e-02
1.193619e-02
1.162267e-02
1.198983e-02
1.163769e-02
1.181245e-02
1.191545e-02
1.186419e-02
1.181531e-02
1.182866e-02
1.182413e-02
1.186609e-02
1.192260e-02
1.161766e-02
1.178622e-02
1.177931e-02
1.181340e-02
1.184082e-02
1.194048e-02
1.163960e-02
1.210809e-02
1.179957e-02
1.198006e-02
1.201320e-02
1.179957e-02
1.170731e-02
1.182008e-02
1.176810e-02
1.201487e-02
1.178145e-02
1.165891e-02
1.179647e-02
1.180410e-02
1.160121e-02
1.183081e-02
1.178169e-02
1.182461e-02
1.165271e-02
1.194763e-02
1.160836e-02
1.180410e-02
1.195979e-02
1.182342e-02
1.159215e-02
1.178694e-02
1.193857e-02
1.183867e-02
1.173902e-02
1.175380e-02
1.159787e-02
1.181245e-02
1.162362e-02
1.192999e-02
1.161647e-02
1.217771e-02
1.198697e-02
1.193070e-02
1.178193e-02
1.179004e-02
1.175761e-02
1.168251e-02
1.161003e-02
1.176047e-02
1.215935e-02
1.183510e-02
1.158023e-02
1.176167e-02
1.184583e-02
1.194143e-02
1.192880e-02
1.207423e-02
1.185179e-02
1.188636e-02
1.175117e-02
1.158404e-02
1.172733e-02
1.171279e-02
1.165748e-02
1.202989e-02
1.158619e-02
1.163507e-02
1.184702e-02
1.174450e-02
1.158190e-02
1.213217e-02
1.215816e-02
1.175904e-02
1.196361e-02
1.344109e-02
1.183748e-02
1.180983e-02
1.158452e-02
1.180196e-02
1.163960e-02
1.179981e-02
1.160526e-02
1.200747e-02
1.168609e-02
1.197457e-02
1.210761e-02
1.196122e-02
1.199007e-02
1.198626e-02
1.194048e-02
1.173449e-02
1.184821e-02
1.221228e-02
1.180482e-02
1.196003e-02
1.183224e-02
1.160192e-02
1.213694e-02
1.179719e-02
1.203227e-02
1.179457e-02
1.160383e-02
1.178336e-02
1.199365e-02
1.183391e-02
1.209664e-02
1.174402e-02
1.182127e-02
1.160932e-02
1.193643e-02
1.178002e-02
1.169443e-02
1.182747e-02
1.180148e-02
1.193666e-02
1.170325e-02
1.185226e-02
1.178265e-02
1.165676e-02
1.160908e-02
1.179981e-02
1.180363e-02
1.196194e-02
1.162910e-02
1.198030e-02
1.176119e-02
1.165271e-02
1.191592e-02
1.162529e-02
1.181936e-02
1.153731e-02
1.179194e-02
1.179934e-02
1.185012e-02
1.176977e-02
1.194215e-02
1.191545e-02
1.193118e-02
1.163745e-02
1.176167e-02
1.161838e-02
1.162195e-02
1.176429e-02
1.169491e-02
