3.943443e-04
2.868176e-04
3.771782e-04
3.075600e-04
3.616810e-04
3.607273e-04
3.633499e-04
3.571510e-04
3.635883e-04
3.595352e-04
3.609657e-04
3.600121e-04
3.771782e-04
3.073215e-04
3.604889e-04
3.623962e-04
3.252029e-04
3.902912e-04
3.573895e-04
3.786087e-04
2.846718e-04
3.616810e-04
3.585815e-04
3.249645e-04
3.654957e-04
3.504753e-04
3.240108e-04
3.027916e-04
3.049374e-04
3.268719e-04
3.080368e-04
3.252029e-04
3.068447e-04
3.206730e-04
3.063679e-04
3.237724e-04
3.056526e-04
3.249645e-04
3.054142e-04
3.206730e-04
3.008842e-04
3.213882e-04
3.044605e-04
3.218651e-04
3.044605e-04
3.218651e-04
3.120899e-04
3.111362e-04
3.056526e-04
3.252029e-04
3.051758e-04
3.056526e-04
3.228188e-04
3.056526e-04
3.240108e-04
3.249645e-04
3.213882e-04
3.080368e-04
3.190041e-04
3.116131e-04
3.204346e-04
3.089905e-04
3.130436e-04
3.242493e-04
3.020763e-04
2.796650e-04
3.087521e-04
3.297329e-04
3.213882e-04
3.058910e-04
3.275871e-04
3.042221e-04
3.223419e-04
3.068447e-04
3.187656e-04
3.056526e-04
3.097057e-04
3.120899e-04
3.242493e-04
3.039837e-04
2.527237e-04
3.066063e-04
3.261566e-04
3.125668e-04
3.237724e-04
3.576279e-04
3.585815e-04
3.619194e-04
3.724098e-04
3.612041e-04
3.769398e-04
3.619194e-04
3.573895e-04
3.368855e-04
3.054142e-04
3.216267e-04
3.063679e-04
3.089905e-04
3.230572e-04
3.092289e-04
2.532005e-04
3.056526e-04
3.254414e-04
3.056526e-04
3.199577e-04
3.056526e-04
3.218651e-04
3.063679e-04
3.201962e-04
3.156662e-04
3.213882e-04
3.046989e-04
3.113747e-04
3.254414e-04
3.039837e-04
3.237724e-04
3.080368e-04
3.242493e-04
3.061295e-04
3.240108e-04
2.796650e-04
2.787113e-04
3.061295e-04
3.256798e-04
3.044605e-04
3.216267e-04
3.056526e-04
3.054142e-04
3.211498e-04
3.044605e-04
3.221035e-04
3.128052e-04
3.218651e-04
3.082752e-04
3.206730e-04
3.099442e-04
3.190041e-04
3.087521e-04
3.249645e-04
3.085136e-04
3.206730e-04
3.087521e-04
3.211498e-04
3.054142e-04
3.209114e-04
3.049374e-04
3.232956e-04
3.085136e-04
2.963543e-04
3.058910e-04
3.287792e-04
3.087521e-04
3.254414e-04
3.206730e-04
3.232956e-04
3.561974e-04
3.738403e-04
3.566742e-04
3.769398e-04
3.645420e-04
3.767014e-04
3.573895e-04
3.738403e-04
3.607273e-04
3.235340e-04
2.770424e-04
3.559589e-04
3.721714e-04
2.791882e-04
3.740788e-04
3.581047e-04
3.576279e-04
3.736019e-04
3.588200e-04
3.738403e-04
2.777576e-04
3.738403e-04
3.585815e-04
3.573895e-04
3.709793e-04
3.588200e-04
3.199577e-04
3.576279e-04
3.569126e-04
3.595352e-04
3.228188e-04
3.600121e-04
3.800392e-04
3.592968e-04
3.764629e-04
3.595352e-04
3.736019e-04
3.576279e-04
3.221035e-04
3.576279e-04
3.545284e-04
3.261566e-04
3.542900e-04
3.750324e-04
3.583431e-04
3.750324e-04
3.540516e-04
3.740788e-04
3.585815e-04
3.759861e-04
3.538132e-04
3.731251e-04
3.581047e-04
3.767014e-04
3.566742e-04
3.240108e-04
3.602505e-04
3.218651e-04
3.585815e-04
3.254414e-04
3.569126e-04
3.232956e-04
3.545284e-04
3.283024e-04
3.254414e-04
3.736019e-04
3.683567e-04
3.769398e-04
3.571510e-04
3.750324e-04
3.595352e-04
3.778934e-04
3.576279e-04
3.247261e-04
3.569126e-04
3.802776e-04
3.542900e-04
3.576279e-04
3.232956e-04
3.581047e-04
3.728867e-04
3.612041e-04
3.747940e-04
3.578663e-04
3.759861e-04
3.259182e-04
3.337860e-04
3.063679e-04
3.228188e-04
3.106594e-04
3.187656e-04
3.077984e-04
3.063679e-04
3.206730e-04
3.054142e-04
3.235340e-04
3.051758e-04
3.213882e-04
3.075600e-04
3.218651e-04
3.042221e-04
3.244877e-04
3.049374e-04
3.261566e-04
3.209114e-04
3.221035e-04
3.073215e-04
3.247261e-04
3.061295e-04
3.249645e-04
3.054142e-04
3.046989e-04
3.213882e-04
3.080368e-04
3.218651e-04
3.066063e-04
3.054142e-04
3.221035e-04
3.075600e-04
3.213882e-04
3.137589e-04
3.201962e-04
3.058910e-04
3.066063e-04
3.209114e-04
3.056526e-04
3.056526e-04
3.204346e-04
3.092289e-04
3.182888e-04
3.094673e-04
3.211498e-04
3.054142e-04
3.218651e-04
3.092289e-04
3.235340e-04
3.099442e-04
3.209114e-04
3.056526e-04
3.240108e-04
3.089905e-04
3.149509e-04
3.097057e-04
3.151894e-04
3.058910e-04
3.244877e-04
3.085136e-04
3.082752e-04
3.216267e-04
3.037453e-04
3.216267e-04
3.056526e-04
3.054142e-04
3.225803e-04
3.056526e-04
2.539158e-04
3.039837e-04
3.049374e-04
3.252029e-04
3.018379e-04
3.254414e-04
3.054142e-04
3.218651e-04
3.092289e-04
3.087521e-04
3.046989e-04
3.223419e-04
3.020763e-04
3.108978e-04
3.061295e-04
3.106594e-04
3.216267e-04
3.116131e-04
3.166199e-04
3.056526e-04
3.211498e-04
3.066063e-04
3.058910e-04
3.218651e-04
3.082752e-04
3.244877e-04
3.051758e-04
3.216267e-04
3.077984e-04
3.261566e-04
3.054142e-04
3.218651e-04
3.082752e-04
3.242493e-04
3.054142e-04
3.058910e-04
3.244877e-04
3.046989e-04
3.206730e-04
3.092289e-04
3.254414e-04
3.049374e-04
3.178120e-04
3.099442e-04
3.020763e-04
3.211498e-04
3.049374e-04
3.218651e-04
3.056526e-04
3.242493e-04
3.097057e-04
3.240108e-04
3.085136e-04
3.259182e-04
3.030300e-04
3.216267e-04
3.080368e-04
2.834797e-04
3.061295e-04
3.249645e-04
3.108978e-04
2.534389e-04
3.023148e-04
3.051758e-04
3.278255e-04
3.032684e-04
3.190041e-04
3.089905e-04
3.061295e-04
3.213882e-04
3.056526e-04
3.237724e-04
3.044605e-04
3.256798e-04
3.111362e-04
3.371239e-04
3.066063e-04
3.249645e-04
3.077984e-04
3.273487e-04
3.039837e-04
3.054142e-04
3.252029e-04
3.046989e-04
3.218651e-04
3.135204e-04
3.223419e-04
3.051758e-04
3.268719e-04
3.037453e-04
3.232956e-04
3.077984e-04
3.223419e-04
3.051758e-04
3.249645e-04
3.089905e-04
3.087521e-04
2.524853e-04
3.075600e-04
3.125668e-04
3.345013e-04
3.187656e-04
3.252029e-04
3.290176e-04
3.261566e-04
3.263950e-04
3.292561e-04
3.271103e-04
3.280640e-04
3.120899e-04
3.314018e-04
3.309250e-04
3.280640e-04
3.278255e-04
3.340244e-04
3.240108e-04
3.256798e-04
3.266335e-04
3.268719e-04
3.259182e-04
3.316402e-04
3.278255e-04
3.254414e-04
3.266335e-04
3.268719e-04
3.268719e-04
3.302097e-04
3.287792e-04
3.280640e-04
3.280640e-04
3.280640e-04
3.249645e-04
3.306866e-04
3.254414e-04
3.273487e-04
3.263950e-04
3.283024e-04
3.302097e-04
3.292561e-04
3.249645e-04
3.304482e-04
3.252029e-04
3.285408e-04
3.290176e-04
3.290176e-04
3.287792e-04
3.273487e-04
3.297329e-04
3.306866e-04
3.225803e-04
3.285408e-04
3.252029e-04
3.285408e-04
3.275871e-04
3.283024e-04
3.287792e-04
3.287792e-04
3.249645e-04
3.285408e-04
3.249645e-04
3.330708e-04
3.283024e-04
3.302097e-04
3.254414e-04
3.294945e-04
3.256798e-04
3.309250e-04
3.252029e-04
3.316402e-04
3.285408e-04
3.399849e-04
3.249645e-04
3.290176e-04
3.299713e-04
3.256798e-04
3.306866e-04
3.256798e-04
3.280640e-04
3.309250e-04
3.283024e-04
3.283024e-04
3.252029e-04
3.328323e-04
3.294945e-04
3.283024e-04
3.280640e-04
3.287792e-04
3.252029e-04
3.275871e-04
3.213882e-04
3.249645e-04
3.247261e-04
3.266335e-04
3.283024e-04
3.306866e-04
3.285408e-04
3.147125e-04
3.051758e-04
3.349781e-04
3.092289e-04
3.428459e-04
3.309250e-04
3.271103e-04
3.275871e-04
3.299713e-04
3.354549e-04
3.302097e-04
3.244877e-04
3.433228e-04
3.421307e-04
3.292561e-04
3.309250e-04
3.256798e-04
3.316402e-04
3.249645e-04
3.299713e-04
3.283024e-04
3.304482e-04
3.254414e-04
3.321171e-04
3.278255e-04
3.285408e-04
3.242493e-04
3.273487e-04
3.285408e-04
3.314018e-04
3.252029e-04
3.287792e-04
3.247261e-04
3.285408e-04
3.290176e-04
3.254414e-04
3.249645e-04
3.294945e-04
3.242493e-04
3.292561e-04
3.275871e-04
3.306866e-04
3.194809e-04
3.252029e-04
3.287792e-04
3.278255e-04
3.263950e-04
3.283024e-04
3.297329e-04
3.256798e-04
3.254414e-04
3.247261e-04
3.256798e-04
3.285408e-04
3.244877e-04
3.285408e-04
3.285408e-04
3.283024e-04
3.280640e-04
3.283024e-04
3.342628e-04
3.180504e-04
3.244877e-04
3.287792e-04
3.283024e-04
3.287792e-04
3.290176e-04
3.287792e-04
3.280640e-04
3.256798e-04
3.299713e-04
3.266335e-04
3.285408e-04
3.311634e-04
3.230572e-04
3.273487e-04
3.249645e-04
3.280640e-04
3.285408e-04
3.278255e-04
3.271103e-04
3.252029e-04
3.280640e-04
3.280640e-04
3.299713e-04
3.316402e-04
3.280640e-04
3.280640e-04
3.275871e-04
3.273487e-04
3.273487e-04
3.280640e-04
3.237724e-04
3.237724e-04
3.080368e-04
3.252029e-04
3.287792e-04
3.254414e-04
3.254414e-04
3.254414e-04
3.285408e-04
3.249645e-04
3.278255e-04
3.266335e-04
3.271103e-04
3.297329e-04
3.254414e-04
3.287792e-04
3.273487e-04
3.254414e-04
3.309250e-04
3.144741e-04
3.225803e-04
3.278255e-04
3.213882e-04
3.271103e-04
3.218651e-04
3.314018e-04
3.247261e-04
3.294945e-04
3.273487e-04
3.283024e-04
3.254414e-04
3.223419e-04
3.249645e-04
3.290176e-04
3.218651e-04
3.285408e-04
3.252029e-04
3.268719e-04
3.249645e-04
3.259182e-04
3.283024e-04
3.278255e-04
3.232956e-04
3.266335e-04
3.247261e-04
3.294945e-04
3.221035e-04
3.292561e-04
3.254414e-04
3.256798e-04
3.285408e-04
3.244877e-04
3.163815e-04
3.504753e-04
3.306866e-04
3.054142e-04
3.089905e-04
2.696514e-04
3.061295e-04
3.027916e-04
2.975464e-04
2.472401e-04
2.925396e-04
2.489090e-04
3.085136e-04
2.517700e-04
3.025532e-04
2.591610e-04
2.534389e-04
2.577305e-04
3.063679e-04
2.946854e-04
2.999306e-04
2.508163e-04
3.054142e-04
3.461838e-04
3.070831e-04
2.529621e-04
3.054142e-04
2.980232e-04
2.994537e-04
2.496243e-04
3.046989e-04
3.054142e-04
3.080368e-04
2.555847e-04
3.020763e-04
3.082752e-04
3.485680e-04
2.565384e-04
3.054142e-04
3.068447e-04
3.032684e-04
2.493858e-04
2.913475e-04
2.920628e-04
2.515316e-04
2.553463e-04
3.216267e-04
3.046989e-04
3.011227e-04
2.534389e-04
3.068447e-04
2.906322e-04
3.015995e-04
2.622604e-04
3.049374e-04
3.044605e-04
3.066063e-04
3.476143e-04
3.049374e-04
2.536774e-04
3.089905e-04
2.543926e-04
2.977848e-04
2.949238e-04
2.994537e-04
2.498627e-04
3.218651e-04
3.044605e-04
2.565384e-04
2.565384e-04
3.046989e-04
3.049374e-04
3.087521e-04
2.467632e-04
2.920628e-04
2.510548e-04
3.082752e-04
2.756119e-04
3.056526e-04
2.965927e-04
3.056526e-04
2.958775e-04
3.097057e-04
2.982616e-04
3.056526e-04
2.925396e-04
3.018379e-04
2.992153e-04
3.099442e-04
3.199577e-04
3.087521e-04
3.259182e-04
3.054142e-04
2.756119e-04
3.111362e-04
2.915859e-04
3.013611e-04
2.918243e-04
3.006458e-04
2.949238e-04
3.471375e-04
3.020763e-04
2.558231e-04
3.042221e-04
2.989769e-04
2.913475e-04
3.015995e-04
3.004074e-04
2.748966e-04
3.020763e-04
3.092289e-04
3.223419e-04
2.522469e-04
3.054142e-04
3.025532e-04
2.913475e-04
2.911091e-04
3.311634e-04
3.080368e-04
3.221035e-04
3.066063e-04
3.120899e-04
3.211498e-04
3.104210e-04
3.244877e-04
3.051758e-04
3.280640e-04
2.872944e-04
3.278255e-04
3.263950e-04
3.285408e-04
3.359318e-04
3.290176e-04
3.318787e-04
3.247261e-04
3.316402e-04
3.373623e-04
3.285408e-04
3.285408e-04
3.280640e-04
3.254414e-04
3.125668e-04
3.242493e-04
3.299713e-04
3.268719e-04
3.271103e-04
3.285408e-04
3.278255e-04
3.240108e-04
3.283024e-04
3.254414e-04
3.249645e-04
3.249645e-04
3.287792e-04
3.249645e-04
3.275871e-04
3.225803e-04
3.252029e-04
3.247261e-04
3.273487e-04
3.283024e-04
3.271103e-04
3.223419e-04
3.302097e-04
3.244877e-04
3.273487e-04
3.278255e-04
3.261566e-04
3.254414e-04
3.309250e-04
3.252029e-04
3.268719e-04
3.263950e-04
3.287792e-04
3.290176e-04
3.271103e-04
3.252029e-04
3.292561e-04
3.232956e-04
3.249645e-04
3.252029e-04
3.271103e-04
3.240108e-04
3.235340e-04
3.285408e-04
3.280640e-04
3.247261e-04
3.244877e-04
3.249645e-04
3.263950e-04
3.244877e-04
3.259182e-04
3.283024e-04
3.261566e-04
3.221035e-04
3.256798e-04
3.232956e-04
3.376007e-04
3.249645e-04
3.240108e-04
3.259182e-04
3.285408e-04
3.252029e-04
3.290176e-04
3.256798e-04
3.285408e-04
3.240108e-04
3.244877e-04
3.268719e-04
3.249645e-04
3.247261e-04
3.252029e-04
3.111362e-04
3.435612e-04
3.263950e-04
3.266335e-04
3.252029e-04
3.285408e-04
3.285408e-04
3.259182e-04
3.266335e-04
3.280640e-04
3.285408e-04
3.283024e-04
3.278255e-04
3.309250e-04
3.285408e-04
3.280640e-04
3.123283e-04
3.256798e-04
3.321171e-04
3.263950e-04
3.235340e-04
3.287792e-04
3.323555e-04
3.275871e-04
3.261566e-04
3.256798e-04
3.297329e-04
3.254414e-04
3.218651e-04
3.280640e-04
3.285408e-04
3.304482e-04
3.242493e-04
3.287792e-04
3.278255e-04
3.252029e-04
3.261566e-04
3.285408e-04
3.263950e-04
3.249645e-04
3.285408e-04
3.254414e-04
3.321171e-04
3.263950e-04
3.290176e-04
3.309250e-04
3.249645e-04
3.287792e-04
3.278255e-04
3.306866e-04
3.247261e-04
3.252029e-04
3.268719e-04
3.252029e-04
3.271103e-04
3.275871e-04
3.283024e-04
3.306866e-04
3.283024e-04
3.230572e-04
3.304482e-04
3.254414e-04
3.225803e-04
3.254414e-04
3.349781e-04
3.271103e-04
3.266335e-04
3.285408e-04
3.254414e-04
3.275871e-04
3.294945e-04
3.244877e-04
3.278255e-04
3.254414e-04
3.268719e-04
3.244877e-04
3.354549e-04
3.082752e-04
3.287792e-04
3.247261e-04
3.049374e-04
2.574921e-04
3.049374e-04
2.460480e-04
2.901554e-04
2.980232e-04
2.601147e-04
3.232956e-04
3.118515e-04
2.536774e-04
2.574921e-04
3.025532e-04
3.020763e-04
2.994537e-04
2.932549e-04
2.982616e-04
3.044605e-04
3.094673e-04
2.553463e-04
3.483295e-04
3.058910e-04
3.044605e-04
2.517700e-04
3.046989e-04
2.598763e-04
3.092289e-04
2.610683e-04
2.925396e-04
2.980232e-04
3.054142e-04
2.753735e-04
3.087521e-04
2.555847e-04
3.058910e-04
2.524853e-04
2.920628e-04
2.889633e-04
3.011227e-04
2.567768e-04
3.054142e-04
2.794266e-04
3.051758e-04
2.822876e-04
3.023148e-04
2.956390e-04
2.975464e-04
2.470016e-04
2.951622e-04
3.018379e-04
3.092289e-04
2.751350e-04
3.044605e-04
3.039837e-04
3.068447e-04
2.536774e-04
3.061295e-04
2.927780e-04
3.042221e-04
