4.497528e-03
3.921747e-03
3.519297e-03
3.713608e-03
3.374338e-03
3.232002e-03
3.118277e-03
3.336906e-03
3.250360e-03
3.233910e-03
2.984285e-03
3.106117e-03
3.015995e-03
3.310680e-03
3.195763e-03
3.327608e-03
3.249407e-03
3.227949e-03
3.270626e-03
3.302813e-03
3.307819e-03
3.290892e-03
3.190041e-03
3.344536e-03
3.279448e-03
3.334045e-03
3.259659e-03
3.257036e-03
3.263235e-03
3.300667e-03
3.367901e-03
3.263712e-03
3.644705e-03
3.400326e-03
3.232718e-03
3.315449e-03
3.353119e-03
3.353119e-03
3.266335e-03
3.234625e-03
3.371477e-03
3.360748e-03
3.252745e-03
3.230572e-03
3.379583e-03
3.354073e-03
3.263712e-03
3.088236e-03
3.278971e-03
3.374815e-03
3.237009e-03
3.379107e-03
3.279924e-03
3.383636e-03
3.361702e-03
3.412724e-03
3.230572e-03
3.399134e-03
3.346920e-03
3.363371e-03
3.593683e-03
3.733873e-03
3.177404e-03
3.284931e-03
3.343344e-03
3.343344e-03
3.346920e-03
3.260374e-03
3.286839e-03
3.343582e-03
3.235340e-03
3.264427e-03
3.344774e-03
3.313780e-03
3.348589e-03
3.319979e-03
3.362894e-03
3.382683e-03
3.143072e-03
3.283262e-03
3.296852e-03
3.302097e-03
3.281593e-03
3.261805e-03
3.335953e-03
3.370047e-03
3.315687e-03
3.230095e-03
3.263712e-03
3.417730e-03
3.125191e-03
3.337145e-03
3.214598e-03
3.210545e-03
3.456116e-03
3.296137e-03
3.306627e-03
3.685713e-03
3.238916e-03
3.595114e-03
3.355026e-03
3.329277e-03
3.227949e-03
3.260136e-03
3.263712e-03
3.450155e-03
3.284454e-03
3.234148e-03
3.628492e-03
3.257990e-03
3.264904e-03
3.272533e-03
3.314495e-03
3.384352e-03
3.357649e-03
3.262758e-03
3.191471e-03
3.294945e-03
3.328085e-03
3.263474e-03
3.308058e-03
3.172636e-03
3.357887e-03
3.255129e-03
3.360987e-03
3.279209e-03
3.266335e-03
3.260136e-03
3.329515e-03
3.388643e-03
3.221273e-03
3.622770e-03
3.505230e-03
3.144503e-03
3.355026e-03
3.417015e-03
3.354073e-03
3.221035e-03
3.346682e-03
3.367901e-03
3.261328e-03
3.306627e-03
3.386497e-03
3.360033e-03
3.218651e-03
3.354073e-03
3.398180e-03
3.323793e-03
3.248215e-03
3.340721e-03
3.291845e-03
3.367662e-03
3.246307e-03
3.358603e-03
3.282070e-03
3.364801e-03
3.246307e-03
3.356934e-03
3.229380e-03
3.606081e-03
3.367186e-03
3.220081e-03
3.426552e-03
3.694773e-03
3.484488e-03
3.252983e-03
3.263950e-03
3.065348e-03
3.338575e-03
3.731728e-03
3.260374e-03
3.189087e-03
3.256798e-03
3.325939e-03
3.257275e-03
3.284454e-03
3.273964e-03
3.709078e-03
3.419399e-03
3.232718e-03
3.223181e-03
3.247261e-03
3.357172e-03
3.216505e-03
3.348112e-03
3.321886e-03
3.518820e-03
3.219366e-03
3.339767e-03
3.359795e-03
3.257275e-03
3.197908e-03
3.360987e-03
3.345966e-03
3.263235e-03
3.077030e-03
3.313541e-03
3.357410e-03
3.356934e-03
3.283262e-03
3.434181e-03
3.182411e-03
3.341198e-03
3.295183e-03
3.202677e-03
3.302574e-03
3.517628e-03
3.293514e-03
3.289700e-03
3.595114e-03
3.384829e-03
3.349304e-03
3.264427e-03
3.615618e-03
3.345490e-03
3.328562e-03
3.259897e-03
3.297567e-03
3.365517e-03
3.354788e-03
3.260136e-03
3.191710e-03
3.369331e-03
3.348589e-03
3.195047e-03
3.341913e-03
3.388882e-03
3.204823e-03
3.349066e-03
3.624678e-03
3.220797e-03
3.304005e-03
3.354073e-03
3.252029e-03
3.371239e-03
3.304958e-03
3.731728e-03
3.349066e-03
3.167868e-03
3.225803e-03
3.644466e-03
3.419399e-03
3.224611e-03
3.230810e-03
3.339291e-03
3.360510e-03
3.254652e-03
3.227472e-03
3.349543e-03
3.324747e-03
3.288269e-03
3.176689e-03
3.224850e-03
3.621101e-03
3.167868e-03
3.279686e-03
3.287792e-03
3.341675e-03
3.332376e-03
3.283978e-03
3.257036e-03
3.288984e-03
3.400087e-03
3.198385e-03
3.358841e-03
3.214836e-03
3.334999e-03
3.394604e-03
3.246784e-03
3.209591e-03
3.288507e-03
3.386497e-03
3.247738e-03
3.247261e-03
3.604650e-03
3.656149e-03
3.311634e-03
3.256321e-03
3.093004e-03
3.304243e-03
3.365755e-03
3.261566e-03
3.250122e-03
3.615141e-03
3.481150e-03
3.254890e-03
3.256559e-03
3.145933e-03
3.630638e-03
3.222466e-03
3.268719e-03
3.718138e-03
3.432035e-03
3.318071e-03
3.350973e-03
3.335476e-03
3.356218e-03
3.357887e-03
3.349543e-03
3.210306e-03
3.224850e-03
3.347874e-03
3.363371e-03
3.216028e-03
3.225803e-03
3.374338e-03
3.359079e-03
3.223896e-03
3.355265e-03
3.362894e-03
3.371716e-03
3.247976e-03
3.213406e-03
3.348827e-03
3.348351e-03
3.205776e-03
3.494263e-03
3.318787e-03
3.276110e-03
3.351212e-03
3.315210e-03
3.372431e-03
3.247261e-03
3.340960e-03
3.258705e-03
3.133297e-03
3.307581e-03
3.365517e-03
3.397226e-03
3.161192e-03
3.249407e-03
3.303766e-03
3.268242e-03
3.202677e-03
3.362179e-03
3.264904e-03
3.523111e-03
3.601313e-03
3.106833e-03
3.609419e-03
3.302336e-03
3.377438e-03
3.157854e-03
3.296375e-03
3.602266e-03
3.344297e-03
3.387213e-03
3.163338e-03
3.287554e-03
3.582478e-03
3.355980e-03
3.393412e-03
3.288746e-03
3.418446e-03
3.232241e-03
3.316641e-03
3.090143e-03
3.337860e-03
3.311396e-03
3.195286e-03
3.226757e-03
3.380060e-03
3.338337e-03
3.242970e-03
3.355265e-03
3.370047e-03
3.270626e-03
3.641844e-03
3.135681e-03
3.364563e-03
3.271341e-03
3.459215e-03
3.269196e-03
3.350496e-03
3.635406e-03
3.359795e-03
3.264427e-03
3.234625e-03
3.350258e-03
3.260851e-03
3.285646e-03
3.154039e-03
3.318548e-03
3.637552e-03
3.262758e-03
3.359318e-03
3.365040e-03
3.236771e-03
3.370523e-03
3.119469e-03
3.361464e-03
3.252029e-03
3.277779e-03
3.124952e-03
3.294945e-03
3.567696e-03
3.118992e-03
3.286362e-03
3.305197e-03
3.362656e-03
3.385067e-03
3.283262e-03
3.307581e-03
3.358841e-03
3.382683e-03
3.175974e-03
3.259659e-03
3.327131e-03
3.277063e-03
3.364325e-03
3.300190e-03
3.602743e-03
3.420115e-03
3.280640e-03
3.230095e-03
3.372908e-03
3.326654e-03
3.251314e-03
3.130198e-03
3.314734e-03
3.364563e-03
3.374100e-03
3.297091e-03
3.602505e-03
3.357649e-03
3.392458e-03
3.249884e-03
3.644228e-03
3.630400e-03
3.245831e-03
3.223419e-03
3.219843e-03
3.348112e-03
3.813744e-03
3.949165e-03
3.606081e-03
3.704786e-03
3.357410e-03
3.201485e-03
3.246069e-03
3.309011e-03
3.238916e-03
3.355265e-03
3.287554e-03
3.119707e-03
3.314734e-03
3.598928e-03
3.361940e-03
3.288507e-03
3.226757e-03
3.323317e-03
3.626823e-03
3.333092e-03
3.388882e-03
3.317595e-03
3.351450e-03
3.382683e-03
3.235340e-03
3.226042e-03
3.271818e-03
3.398895e-03
3.229856e-03
3.333330e-03
3.227711e-03
3.700018e-03
3.211021e-03
3.317356e-03
3.417015e-03
3.354549e-03
3.276110e-03
3.062487e-03
3.364086e-03
3.350973e-03
3.274202e-03
3.316641e-03
3.377199e-03
3.357649e-03
3.273726e-03
3.059626e-03
3.361225e-03
3.362894e-03
3.271103e-03
3.198624e-03
3.373861e-03
3.362417e-03
3.329039e-03
3.198147e-03
3.592253e-03
3.251553e-03
3.218412e-03
3.226757e-03
3.370523e-03
3.345728e-03
3.258944e-03
3.603220e-03
3.375769e-03
3.363132e-03
3.258467e-03
3.220081e-03
3.618002e-03
3.249645e-03
3.465176e-03
3.246069e-03
3.221512e-03
3.328562e-03
3.275871e-03
3.340006e-03
3.294468e-03
3.309727e-03
3.228903e-03
3.341198e-03
3.075600e-03
3.637791e-03
3.196716e-03
3.264427e-03
3.347397e-03
3.348351e-03
3.280640e-03
3.126383e-03
3.320932e-03
3.361464e-03
3.310919e-03
3.334284e-03
3.352642e-03
3.360033e-03
3.220797e-03
3.598928e-03
3.338575e-03
3.346682e-03
3.249884e-03
3.234625e-03
3.336191e-03
3.336906e-03
3.247261e-03
3.316641e-03
3.360987e-03
3.274441e-03
3.317833e-03
3.222704e-03
3.630400e-03
3.438950e-03
3.671646e-03
3.765345e-03
3.308535e-03
3.116369e-03
3.376245e-03
3.349304e-03
3.223181e-03
3.698587e-03
3.354788e-03
3.216743e-03
3.619194e-03
3.429651e-03
3.207684e-03
3.261566e-03
3.247023e-03
3.601551e-03
3.440619e-03
3.239155e-03
3.291607e-03
3.587008e-03
3.379583e-03
3.133297e-03
3.285408e-03
3.270149e-03
3.378630e-03
3.237247e-03
3.363371e-03
3.280878e-03
3.358126e-03
3.360271e-03
3.283739e-03
3.239632e-03
3.358126e-03
8.289099e-03
3.236294e-03
3.212452e-03
3.215790e-03
3.201008e-03
3.932476e-03
3.212452e-03
3.252268e-03
3.271103e-03
3.367901e-03
3.344059e-03
3.252983e-03
3.201485e-03
3.280163e-03
3.358126e-03
3.240824e-03
3.305435e-03
3.372908e-03
3.293276e-03
3.200054e-03
3.272533e-03
3.334284e-03
3.298998e-03
3.189087e-03
3.247023e-03
3.360510e-03
3.386259e-03
3.272057e-03
3.385067e-03
3.214359e-03
3.590822e-03
3.355265e-03
3.343105e-03
3.157854e-03
3.269434e-03
3.262997e-03
3.661633e-03
3.505707e-03
3.241539e-03
3.476381e-03
3.472805e-03
3.246069e-03
3.133535e-03
3.545761e-03
3.349066e-03
3.138781e-03
3.286600e-03
3.296852e-03
3.358364e-03
3.273487e-03
3.279686e-03
3.288746e-03
3.379107e-03
3.101587e-03
3.349066e-03
3.435373e-03
3.306389e-03
3.350496e-03
3.345490e-03
3.292561e-03
3.347874e-03
3.327370e-03
3.375769e-03
3.349781e-03
3.353119e-03
3.208637e-03
3.352642e-03
3.637791e-03
3.209114e-03
3.214836e-03
3.083944e-03
3.317833e-03
3.376961e-03
3.270149e-03
3.111124e-03
3.255606e-03
3.283739e-03
3.227472e-03
3.350019e-03
3.235102e-03
3.243923e-03
3.245831e-03
3.336668e-03
3.603220e-03
3.207207e-03
3.366470e-03
3.239632e-03
3.355503e-03
3.371239e-03
3.341198e-03
3.232956e-03
3.100157e-03
3.344297e-03
3.208637e-03
3.377914e-03
3.279686e-03
3.609419e-03
3.643036e-03
3.344536e-03
3.128052e-03
3.246546e-03
3.353357e-03
3.241539e-03
3.530741e-03
3.408909e-03
3.331423e-03
3.201008e-03
3.159523e-03
3.336668e-03
3.329039e-03
3.202438e-03
3.376722e-03
3.253698e-03
3.344059e-03
3.372669e-03
3.209829e-03
3.236771e-03
3.354311e-03
3.245592e-03
3.378868e-03
3.239393e-03
3.337860e-03
3.237486e-03
3.308535e-03
3.385544e-03
3.352880e-03
3.294945e-03
3.476143e-03
3.290415e-03
3.333330e-03
3.196239e-03
3.493547e-03
3.667116e-03
3.305912e-03
3.245831e-03
3.138781e-03
3.215790e-03
3.347635e-03
3.207207e-03
3.335714e-03
3.257990e-03
3.322601e-03
3.348827e-03
3.243446e-03
3.311396e-03
3.362656e-03
3.319979e-03
3.226280e-03
3.244877e-03
3.632784e-03
3.206491e-03
3.200531e-03
3.237486e-03
3.283501e-03
3.558636e-03
3.329515e-03
3.221512e-03
3.329992e-03
3.359079e-03
3.334284e-03
3.192425e-03
3.355503e-03
3.335953e-03
3.264189e-03
3.047943e-03
3.357172e-03
3.354549e-03
3.226280e-03
3.617525e-03
3.366232e-03
3.361464e-03
3.294706e-03
3.307104e-03
3.329515e-03
3.268242e-03
3.340006e-03
3.128529e-03
3.332853e-03
3.342390e-03
3.307581e-03
3.332853e-03
3.328562e-03
3.242493e-03
3.641367e-03
3.286839e-03
3.337860e-03
3.248930e-03
3.577709e-03
3.201485e-03
3.365278e-03
3.278255e-03
3.300905e-03
3.388166e-03
3.536701e-03
3.410339e-03
3.358364e-03
3.211498e-03
3.612995e-03
3.156424e-03
3.325939e-03
3.229141e-03
4.604340e-03
3.423691e-03
3.243446e-03
3.314734e-03
3.352880e-03
3.312349e-03
3.381968e-03
3.582954e-03
3.320694e-03
3.348827e-03
4.765272e-03
3.252268e-03
3.325701e-03
3.348112e-03
3.253937e-03
3.333330e-03
3.306866e-03
3.361464e-03
3.239632e-03
3.322124e-03
3.417015e-03
3.259182e-03
3.285646e-03
3.529549e-03
3.252745e-03
3.242016e-03
3.464937e-03
3.224373e-03
3.335476e-03
3.286839e-03
3.664017e-03
3.240585e-03
3.353119e-03
3.089190e-03
3.341675e-03
3.249884e-03
3.337383e-03
3.251791e-03
3.340960e-03
3.063679e-03
3.365040e-03
3.358603e-03
3.260136e-03
3.081560e-03
3.373861e-03
3.348351e-03
3.213644e-03
3.334999e-03
3.351212e-03
3.321648e-03
3.575802e-03
3.371716e-03
3.366470e-03
3.243923e-03
3.220558e-03
3.354073e-03
3.247023e-03
3.144503e-03
3.685236e-03
3.419876e-03
3.260136e-03
3.304958e-03
3.268242e-03
3.355742e-03
3.259897e-03
3.358603e-03
3.159285e-03
3.659487e-03
3.375292e-03
3.335238e-03
3.275156e-03
4.383802e-03
3.661394e-03
4.352570e-03
3.160238e-03
3.144503e-03
3.314257e-03
3.238201e-03
3.324032e-03
3.276348e-03
3.682375e-03
3.289700e-03
3.604650e-03
3.246307e-03
3.188610e-03
3.219604e-03
3.345966e-03
3.340244e-03
3.230333e-03
3.095388e-03
3.370047e-03
3.349781e-03
3.242254e-03
3.156424e-03
3.221989e-03
3.352880e-03
3.380775e-03
3.192902e-03
3.608704e-03
3.362656e-03
3.254414e-03
3.338814e-03
3.646612e-03
3.287315e-03
3.324986e-03
3.229380e-03
3.164530e-03
3.256798e-03
3.235579e-03
3.280640e-03
3.258228e-03
3.215075e-03
3.332138e-03
3.222466e-03
3.286362e-03
3.271341e-03
3.102541e-03
3.349781e-03
3.214598e-03
3.573895e-03
3.108501e-03
3.508329e-03
3.660202e-03
3.560543e-03
3.326416e-03
3.458738e-03
3.501892e-03
3.628254e-03
3.313303e-03
3.323317e-03
3.588438e-03
3.279209e-03
3.275156e-03
3.290176e-03
3.348351e-03
3.349066e-03
3.272057e-03
3.219843e-03
3.628016e-03
3.377914e-03
3.110170e-03
3.280878e-03
3.280401e-03
3.125668e-03
3.093004e-03
3.357887e-03
3.233433e-03
3.224134e-03
3.265381e-03
3.173590e-03
3.495932e-03
3.094912e-03
3.355503e-03
3.439426e-03
3.303528e-03
3.327131e-03
3.357172e-03
3.218889e-03
3.344297e-03
3.376245e-03
3.504276e-03
3.315926e-03
3.578663e-03
3.326893e-03
3.277540e-03
3.141165e-03
3.586769e-03
3.374338e-03
3.243446e-03
3.287554e-03
3.096342e-03
3.360748e-03
3.251553e-03
3.235817e-03
3.112793e-03
3.347397e-03
3.349304e-03
3.286362e-03
3.186703e-03
3.353119e-03
3.301620e-03
3.186941e-03
3.592253e-03
3.344059e-03
3.334284e-03
3.149986e-03
3.585100e-03
3.247738e-03
3.613472e-03
3.250360e-03
3.340960e-03
3.334999e-03
3.234863e-03
3.060341e-03
3.277779e-03
3.325462e-03
3.237963e-03
3.280640e-03
3.706455e-03
3.414631e-03
3.248692e-03
3.625154e-03
3.241539e-03
3.322124e-03
3.217697e-03
3.167868e-03
3.272533e-03
3.542662e-03
3.349543e-03
3.637075e-03
3.238916e-03
3.237724e-03
3.264904e-03
3.322363e-03
3.356695e-03
3.245592e-03
3.263950e-03
3.390551e-03
3.266096e-03
3.171206e-03
3.250599e-03
3.294468e-03
3.241062e-03
3.219128e-03
3.428459e-03
