3.123453e-01
3.090744e-01
3.091941e-01
3.093836e-01
3.098319e-01
3.094659e-01
3.096704e-01
3.098018e-01
3.093174e-01
3.091881e-01
3.092010e-01
3.095405e-01
3.088782e-01
3.096147e-01
3.096108e-01
3.089714e-01
3.087423e-01
3.089058e-01
3.088689e-01
3.090098e-01
3.086092e-01
3.088763e-01
3.090222e-01
3.088994e-01
3.087122e-01
3.087082e-01
3.090682e-01
3.086677e-01
3.084886e-01
3.088565e-01
3.088238e-01
3.087263e-01
3.089330e-01
3.088725e-01
3.087776e-01
3.086975e-01
3.086586e-01
3.087068e-01
3.086445e-01
3.087871e-01
3.088162e-01
3.087995e-01
3.087914e-01
3.085897e-01
3.086076e-01
3.088174e-01
3.087389e-01
3.086705e-01
3.088088e-01
3.085549e-01
3.084795e-01
3.087633e-01
3.085022e-01
3.085382e-01
3.091803e-01
3.086028e-01
3.088093e-01
3.093400e-01
3.093033e-01
3.086123e-01
3.091321e-01
3.091986e-01
3.085630e-01
3.086705e-01
3.085170e-01
3.090513e-01
3.082116e-01
3.087311e-01
3.087769e-01
3.087883e-01
3.088117e-01
3.087029e-01
3.086872e-01
3.086894e-01
3.088217e-01
3.085868e-01
3.087955e-01
3.089654e-01
3.087335e-01
3.085775e-01
3.085532e-01
3.088379e-01
3.086030e-01
3.085644e-01
3.087852e-01
3.091342e-01
3.089690e-01
3.086863e-01
3.089559e-01
3.089223e-01
3.087204e-01
3.087690e-01
3.087120e-01
3.087938e-01
3.089249e-01
3.088942e-01
3.086553e-01
3.087173e-01
3.087721e-01
3.093681e-01
3.094895e-01
3.086748e-01
3.086610e-01
3.090975e-01
3.086791e-01
3.091865e-01
3.088343e-01
3.090165e-01
3.094831e-01
3.089104e-01
3.087351e-01
3.091872e-01
3.086557e-01
3.089933e-01
3.088636e-01
3.086350e-01
3.091571e-01
3.092768e-01
3.087575e-01
3.086293e-01
3.086374e-01
3.089347e-01
3.089130e-01
3.086083e-01
3.089404e-01
3.087058e-01
3.088851e-01
3.087277e-01
3.086288e-01
3.086884e-01
3.134704e-01
3.087916e-01
3.089719e-01
3.092349e-01
3.085523e-01
3.087318e-01
3.088756e-01
3.095925e-01
3.088369e-01
3.088143e-01
3.087499e-01
3.086829e-01
3.089654e-01
3.086879e-01
3.089514e-01
3.086202e-01
3.087561e-01
3.085854e-01
3.086023e-01
3.087120e-01
3.086922e-01
3.091276e-01
3.091030e-01
3.085847e-01
3.084877e-01
3.085675e-01
3.087759e-01
3.087401e-01
3.086085e-01
3.085842e-01
3.088591e-01
3.086026e-01
3.087351e-01
3.087218e-01
3.089557e-01
3.086097e-01
3.086004e-01
3.086681e-01
3.087249e-01
3.086262e-01
3.087595e-01
3.087358e-01
3.090677e-01
3.089142e-01
3.086483e-01
3.087308e-01
3.087063e-01
3.087063e-01
3.087897e-01
3.086402e-01
3.089321e-01
3.089309e-01
3.088741e-01
3.088484e-01
3.089190e-01
3.087616e-01
3.086905e-01
3.084927e-01
3.085418e-01
3.087804e-01
3.086295e-01
3.087294e-01
3.085680e-01
3.086951e-01
3.088770e-01
3.085957e-01
3.088202e-01
3.088224e-01
3.087323e-01
3.087947e-01
3.087387e-01
3.088002e-01
3.087504e-01
3.087466e-01
3.088031e-01
3.085740e-01
3.087232e-01
3.087754e-01
3.086600e-01
3.086219e-01
3.086381e-01
3.088160e-01
3.085999e-01
3.086703e-01
3.086510e-01
3.087959e-01
3.087428e-01
3.086436e-01
3.086576e-01
3.085532e-01
3.084283e-01
3.082616e-01
3.083537e-01
3.088639e-01
3.088162e-01
3.086514e-01
3.089490e-01
3.087614e-01
3.086956e-01
3.091083e-01
3.088090e-01
3.088760e-01
3.088682e-01
3.087416e-01
3.092887e-01
3.088913e-01
3.088822e-01
3.082917e-01
3.083985e-01
3.082583e-01
3.084922e-01
3.085482e-01
3.088450e-01
3.088214e-01
3.087676e-01
3.088169e-01
3.088205e-01
3.088851e-01
3.087118e-01
3.087897e-01
3.087819e-01
3.086309e-01
3.098400e-01
3.108423e-01
3.156996e-01
3.087766e-01
3.088338e-01
3.086545e-01
3.084831e-01
3.087044e-01
3.087690e-01
3.085222e-01
3.087997e-01
3.087327e-01
3.086710e-01
3.087776e-01
3.088129e-01
3.086634e-01
3.088241e-01
3.085313e-01
3.087771e-01
3.086216e-01
3.084934e-01
3.086452e-01
3.087664e-01
3.087695e-01
3.087490e-01
3.087604e-01
3.087978e-01
3.087153e-01
3.087223e-01
3.085551e-01
3.086228e-01
3.094842e-01
3.193443e-01
3.111081e-01
3.111324e-01
3.110712e-01
3.116980e-01
3.126538e-01
3.116395e-01
3.120022e-01
3.116326e-01
3.127766e-01
3.117375e-01
3.114436e-01
3.117824e-01
3.115721e-01
3.116057e-01
3.116989e-01
3.116994e-01
3.114865e-01
3.117654e-01
3.116999e-01
3.114002e-01
3.117733e-01
3.156147e-01
3.163948e-01
3.167183e-01
3.164048e-01
3.163304e-01
3.162990e-01
3.164062e-01
3.164132e-01
3.165157e-01
3.163009e-01
3.161726e-01
3.166442e-01
3.163266e-01
3.164189e-01
3.164964e-01
3.163979e-01
3.164833e-01
3.164420e-01
3.163705e-01
3.163438e-01
3.165593e-01
3.162229e-01
3.165374e-01
3.163047e-01
3.164465e-01
3.164616e-01
3.168511e-01
3.163278e-01
3.162832e-01
3.163955e-01
3.168530e-01
3.189867e-01
3.204277e-01
3.200018e-01
3.205574e-01
3.206351e-01
3.205764e-01
3.206122e-01
3.205891e-01
