5.364418e-04
4.212856e-04
5.271435e-04
4.675388e-04
5.557537e-04
5.548000e-04
5.352497e-04
6.554127e-04
5.500317e-04
4.742146e-04
4.606247e-04
5.388260e-04
5.476475e-04
4.751682e-04
5.476475e-04
5.311966e-04
5.514622e-04
4.751682e-04
5.476475e-04
5.605221e-04
4.723072e-04
5.326271e-04
5.490780e-04
5.528927e-04
4.689693e-04
5.278587e-04
6.644726e-04
4.744530e-04
6.923676e-04
5.302429e-04
5.466938e-04
4.703999e-04
4.472733e-04
5.276203e-04
5.350113e-04
6.482601e-04
4.305840e-04
3.662109e-04
3.936291e-04
4.010201e-04
5.567074e-04
3.929138e-04
3.969669e-04
3.659725e-04
3.652573e-04
5.512238e-04
5.540848e-04
5.557537e-04
4.727840e-04
5.497932e-04
5.550385e-04
5.564690e-04
4.777908e-04
5.528927e-04
5.571842e-04
5.557537e-04
4.725456e-04
4.456043e-04
5.559921e-04
5.583763e-04
4.720688e-04
5.562305e-04
5.524158e-04
5.590916e-04
4.715919e-04
5.490780e-04
5.564690e-04
5.517006e-04
4.715919e-04
5.524158e-04
5.576611e-04
5.581379e-04
4.718304e-04
5.528927e-04
5.528927e-04
5.555153e-04
4.732609e-04
4.453659e-04
5.521774e-04
5.598068e-04
4.715919e-04
5.521774e-04
5.586147e-04
5.559921e-04
4.720688e-04
5.540848e-04
5.538464e-04
5.538464e-04
4.751682e-04
4.460812e-04
5.531311e-04
5.550385e-04
4.715919e-04
5.567074e-04
5.526543e-04
5.598068e-04
4.708767e-04
5.488396e-04
5.533695e-04
5.543232e-04
4.737377e-04
4.720688e-04
4.732609e-04
4.839897e-04
4.689693e-04
4.723072e-04
4.339218e-04
5.540848e-04
4.694462e-04
5.178452e-04
4.723072e-04
4.715919e-04
4.689693e-04
5.507469e-04
4.723072e-04
5.550385e-04
4.754066e-04
5.502701e-04
4.386902e-04
4.816055e-04
4.813671e-04
5.512238e-04
4.785061e-04
4.808903e-04
4.780293e-04
5.497932e-04
4.830360e-04
4.799366e-04
4.825592e-04
5.478859e-04
4.782677e-04
4.820824e-04
4.787445e-04
5.536079e-04
4.806519e-04
4.785061e-04
4.796982e-04
5.488396e-04
4.801750e-04
4.789829e-04
4.782677e-04
5.526543e-04
4.813671e-04
4.813671e-04
4.796982e-04
5.605221e-04
4.780293e-04
4.818439e-04
4.808903e-04
5.490780e-04
4.806519e-04
4.782677e-04
4.823208e-04
5.524158e-04
4.792213e-04
4.813671e-04
4.820824e-04
5.521774e-04
4.868507e-04
4.813671e-04
4.818439e-04
5.502701e-04
4.808903e-04
4.796982e-04
4.816055e-04
5.490780e-04
4.880428e-04
4.816055e-04
4.775524e-04
5.495548e-04
4.818439e-04
4.789829e-04
4.835129e-04
5.488396e-04
4.906654e-04
4.911423e-04
4.897118e-04
5.493164e-04
4.887581e-04
4.909039e-04
4.892349e-04
4.882812e-04
4.875660e-04
4.954338e-04
4.878044e-04
5.521774e-04
4.882812e-04
4.918575e-04
4.894733e-04
5.514622e-04
4.951954e-04
4.909039e-04
4.880428e-04
5.481243e-04
4.906654e-04
4.980564e-04
4.868507e-04
5.517006e-04
4.894733e-04
4.878044e-04
4.863739e-04
5.500317e-04
4.911423e-04
4.909039e-04
4.944801e-04
5.464554e-04
4.942417e-04
5.204678e-04
5.261898e-04
5.273819e-04
5.497932e-04
4.720688e-04
3.848076e-04
4.687309e-04
5.590916e-04
3.902912e-04
3.817081e-04
4.725456e-04
5.605221e-04
3.852844e-04
3.821850e-04
4.909039e-04
5.674362e-04
5.338192e-04
5.497932e-04
5.629063e-04
5.490780e-04
5.362034e-04
5.545616e-04
5.726814e-04
5.519390e-04
5.393028e-04
5.486012e-04
5.524158e-04
4.730225e-04
4.727840e-04
4.723072e-04
4.727840e-04
4.334450e-04
5.548000e-04
4.661083e-04
5.531311e-04
4.308224e-04
4.718304e-04
4.720688e-04
4.706383e-04
4.727840e-04
5.497932e-04
4.715919e-04
4.763603e-04
4.706383e-04
4.720688e-04
4.732609e-04
4.715919e-04
4.754066e-04
4.720688e-04
4.727840e-04
5.571842e-04
4.727840e-04
5.493164e-04
4.327297e-04
4.768372e-04
4.341602e-04
5.536079e-04
4.813671e-04
5.574226e-04
5.517006e-04
5.543232e-04
4.773140e-04
5.590916e-04
5.536079e-04
5.593300e-04
5.524158e-04
5.593300e-04
5.543232e-04
5.533695e-04
5.571842e-04
5.555153e-04
5.550385e-04
5.524158e-04
5.531311e-04
5.567074e-04
3.933907e-04
5.567074e-04
5.521774e-04
5.528927e-04
5.526543e-04
5.533695e-04
5.536079e-04
5.564690e-04
5.533695e-04
5.531311e-04
5.538464e-04
5.545616e-04
5.667210e-04
5.452633e-04
5.559921e-04
5.555153e-04
5.571842e-04
5.526543e-04
5.543232e-04
5.571842e-04
5.528927e-04
5.519390e-04
5.533695e-04
5.567074e-04
5.526543e-04
5.540848e-04
5.593300e-04
5.528927e-04
5.581379e-04
5.502701e-04
5.559921e-04
5.555153e-04
5.533695e-04
5.531311e-04
5.552769e-04
5.576611e-04
4.720688e-04
5.490780e-04
5.548000e-04
5.528927e-04
4.701614e-04
4.475117e-04
5.524158e-04
5.562305e-04
4.718304e-04
5.545616e-04
5.519390e-04
5.595684e-04
4.751682e-04
5.526543e-04
5.514622e-04
5.562305e-04
4.701614e-04
5.488396e-04
5.502701e-04
5.555153e-04
4.739761e-04
5.495548e-04
5.536079e-04
5.614758e-04
4.687309e-04
5.495548e-04
5.526543e-04
5.517006e-04
4.715919e-04
4.501343e-04
5.543232e-04
5.552769e-04
4.701614e-04
5.493164e-04
5.214214e-04
5.567074e-04
4.725456e-04
4.463196e-04
5.528927e-04
5.569458e-04
4.718304e-04
4.427433e-04
5.614758e-04
5.590916e-04
4.727840e-04
5.531311e-04
5.540848e-04
5.657673e-04
4.713535e-04
5.533695e-04
5.528927e-04
5.578995e-04
4.723072e-04
5.557537e-04
5.517006e-04
5.605221e-04
4.363060e-04
4.436970e-04
5.557537e-04
5.588531e-04
4.355907e-04
5.536079e-04
5.588531e-04
5.538464e-04
4.694462e-04
5.507469e-04
5.517006e-04
5.557537e-04
4.713535e-04
5.495548e-04
5.540848e-04
5.564690e-04
4.737377e-04
5.505085e-04
5.528927e-04
5.557537e-04
4.756451e-04
4.501343e-04
5.524158e-04
5.564690e-04
4.768372e-04
4.508495e-04
5.536079e-04
5.552769e-04
4.744530e-04
4.494190e-04
5.531311e-04
5.605221e-04
4.768372e-04
4.494190e-04
5.528927e-04
5.559921e-04
4.758835e-04
5.476475e-04
5.559921e-04
5.583763e-04
4.785061e-04
4.720688e-04
5.528927e-04
5.614758e-04
5.652905e-04
5.526543e-04
5.264282e-04
5.590916e-04
5.588531e-04
5.497932e-04
5.564690e-04
5.576611e-04
5.538464e-04
5.526543e-04
5.578995e-04
5.586147e-04
5.614758e-04
5.495548e-04
5.528927e-04
5.569458e-04
5.583763e-04
5.593300e-04
5.593300e-04
5.624294e-04
5.621910e-04
5.474091e-04
5.521774e-04
5.614758e-04
5.559921e-04
5.505085e-04
5.567074e-04
5.564690e-04
5.586147e-04
5.490780e-04
5.640984e-04
5.602837e-04
5.590916e-04
5.483627e-04
5.528927e-04
5.555153e-04
5.607605e-04
5.502701e-04
5.545616e-04
5.598068e-04
5.521774e-04
5.512238e-04
5.578995e-04
5.619526e-04
5.576611e-04
5.521774e-04
5.550385e-04
5.571842e-04
5.524158e-04
5.528927e-04
5.557537e-04
5.650520e-04
5.578995e-04
5.528927e-04
5.211830e-04
5.602837e-04
5.521774e-04
5.524158e-04
5.571842e-04
5.521774e-04
5.540848e-04
5.500317e-04
5.528927e-04
5.629063e-04
5.538464e-04
5.476475e-04
5.533695e-04
5.531311e-04
5.557537e-04
5.540848e-04
5.543232e-04
5.526543e-04
5.543232e-04
5.507469e-04
5.555153e-04
5.521774e-04
5.526543e-04
5.519390e-04
5.614758e-04
5.543232e-04
5.574226e-04
5.533695e-04
5.531311e-04
5.533695e-04
5.593300e-04
5.533695e-04
5.583763e-04
5.524158e-04
5.559921e-04
5.495548e-04
5.550385e-04
5.567074e-04
5.514622e-04
5.528927e-04
5.528927e-04
5.545616e-04
5.469322e-04
5.521774e-04
5.519390e-04
5.550385e-04
5.557537e-04
5.519390e-04
5.567074e-04
5.531311e-04
5.552769e-04
5.536079e-04
5.562305e-04
5.524158e-04
5.533695e-04
5.502701e-04
5.567074e-04
5.519390e-04
5.578995e-04
5.509853e-04
5.538464e-04
5.533695e-04
5.612373e-04
5.526543e-04
5.521774e-04
5.569458e-04
5.583763e-04
5.550385e-04
5.578995e-04
5.533695e-04
5.629063e-04
5.509853e-04
5.617142e-04
5.567074e-04
5.595684e-04
5.502701e-04
5.533695e-04
5.612373e-04
5.536079e-04
5.517006e-04
5.531311e-04
5.557537e-04
5.574226e-04
5.538464e-04
5.512238e-04
5.526543e-04
5.581379e-04
5.526543e-04
5.536079e-04
5.555153e-04
5.536079e-04
5.495548e-04
5.514622e-04
5.590916e-04
5.524158e-04
5.507469e-04
5.204678e-04
5.548000e-04
5.598068e-04
5.486012e-04
5.533695e-04
5.621910e-04
5.607605e-04
5.521774e-04
5.526543e-04
5.559921e-04
5.526543e-04
5.466938e-04
5.555153e-04
5.590916e-04
5.519390e-04
5.524158e-04
5.545616e-04
5.590916e-04
5.562305e-04
5.526543e-04
5.531311e-04
5.588531e-04
5.531311e-04
5.521774e-04
5.562305e-04
5.571842e-04
5.509853e-04
5.521774e-04
5.521774e-04
5.567074e-04
5.559921e-04
5.505085e-04
5.531311e-04
5.571842e-04
5.490780e-04
5.521774e-04
5.519390e-04
5.595684e-04
5.583763e-04
5.524158e-04
5.528927e-04
5.686283e-04
5.517006e-04
5.519390e-04
5.521774e-04
5.524158e-04
5.593300e-04
5.497932e-04
5.517006e-04
5.583763e-04
5.524158e-04
5.526543e-04
5.524158e-04
5.602837e-04
5.564690e-04
5.531311e-04
5.538464e-04
5.578995e-04
5.528927e-04
5.533695e-04
5.528927e-04
5.574226e-04
5.550385e-04
5.500317e-04
5.526543e-04
5.583763e-04
4.708767e-04
5.486012e-04
5.555153e-04
5.526543e-04
4.720688e-04
4.489422e-04
5.211830e-04
5.550385e-04
4.785061e-04
4.446507e-04
5.531311e-04
5.631447e-04
4.718304e-04
5.478859e-04
5.524158e-04
5.555153e-04
4.780293e-04
5.533695e-04
5.531311e-04
5.593300e-04
4.739761e-04
5.490780e-04
5.526543e-04
5.557537e-04
4.780293e-04
3.862381e-04
5.269051e-04
4.720688e-04
4.746914e-04
5.533695e-04
5.536079e-04
4.746914e-04
5.629063e-04
5.521774e-04
5.526543e-04
4.763603e-04
5.595684e-04
5.493164e-04
5.548000e-04
4.715919e-04
4.529953e-04
5.500317e-04
5.521774e-04
4.768372e-04
5.562305e-04
5.526543e-04
5.531311e-04
4.391670e-04
4.706383e-04
5.531311e-04
5.533695e-04
4.715919e-04
5.586147e-04
5.507469e-04
5.559921e-04
4.382133e-04
4.525185e-04
5.524158e-04
5.545616e-04
4.773140e-04
4.746914e-04
5.495548e-04
5.526543e-04
4.742146e-04
5.621910e-04
5.495548e-04
4.639626e-04
4.796982e-04
4.487038e-04
5.528927e-04
5.564690e-04
4.744530e-04
5.578995e-04
5.517006e-04
5.562305e-04
4.746914e-04
4.532337e-04
5.524158e-04
5.521774e-04
4.765987e-04
4.525185e-04
5.512238e-04
5.528927e-04
4.739761e-04
4.489422e-04
5.493164e-04
5.545616e-04
4.761219e-04
5.578995e-04
5.557537e-04
5.533695e-04
4.737377e-04
4.522800e-04
5.536079e-04
5.567074e-04
4.715919e-04
5.538464e-04
5.550385e-04
5.259514e-04
5.533695e-04
5.559921e-04
5.507469e-04
5.540848e-04
5.557537e-04
5.543232e-04
5.524158e-04
5.557537e-04
5.559921e-04
5.555153e-04
5.521774e-04
5.526543e-04
5.548000e-04
5.578995e-04
5.495548e-04
5.524158e-04
5.562305e-04
5.590916e-04
5.524158e-04
5.557537e-04
5.538464e-04
5.574226e-04
5.521774e-04
5.557537e-04
5.552769e-04
5.550385e-04
5.495548e-04
5.555153e-04
5.576611e-04
5.593300e-04
5.524158e-04
5.540848e-04
5.552769e-04
5.555153e-04
5.519390e-04
5.557537e-04
5.531311e-04
5.567074e-04
5.488396e-04
5.557537e-04
5.590916e-04
5.550385e-04
5.512238e-04
5.221367e-04
5.686283e-04
5.493164e-04
5.497932e-04
5.545616e-04
5.557537e-04
5.548000e-04
5.507469e-04
5.512238e-04
5.528927e-04
5.555153e-04
5.528927e-04
5.555153e-04
5.674362e-04
5.621910e-04
5.564690e-04
5.543232e-04
5.555153e-04
5.621910e-04
5.526543e-04
5.528927e-04
5.567074e-04
5.569458e-04
5.476475e-04
5.567074e-04
5.662441e-04
5.540848e-04
5.576611e-04
5.528927e-04
5.564690e-04
5.559921e-04
5.517006e-04
5.557537e-04
5.593300e-04
5.578995e-04
5.564690e-04
5.526543e-04
5.578995e-04
5.538464e-04
5.538464e-04
5.557537e-04
5.166531e-04
5.233288e-04
5.261898e-04
5.235672e-04
5.583763e-04
5.362034e-04
4.754066e-04
5.552769e-04
5.660057e-04
3.788471e-04
5.199909e-04
5.600452e-04
5.567074e-04
5.478859e-04
5.466938e-04
5.574226e-04
5.648136e-04
3.824234e-04
5.319118e-04
5.671978e-04
5.722046e-04
5.483627e-04
5.495548e-04
5.667210e-04
5.645752e-04
5.402565e-04
5.495548e-04
5.726814e-04
5.629063e-04
5.364418e-04
5.526543e-04
5.688667e-04
5.657673e-04
5.433559e-04
5.514622e-04
5.688667e-04
5.767345e-04
5.393028e-04
5.500317e-04
5.724430e-04
5.719662e-04
5.517006e-04
5.495548e-04
5.693436e-04
5.750656e-04
5.428791e-04
5.493164e-04
4.885197e-04
5.714893e-04
5.447865e-04
5.495548e-04
5.726814e-04
5.762577e-04
5.156994e-04
4.303455e-04
4.649162e-04
4.675388e-04
5.428791e-04
4.158020e-04
3.738403e-04
3.874302e-04
3.476143e-04
4.181862e-04
3.659725e-04
3.862381e-04
3.612041e-04
3.881454e-04
3.697872e-04
3.898144e-04
5.514622e-04
5.493164e-04
5.571842e-04
5.524158e-04
5.400181e-04
5.497932e-04
5.564690e-04
5.569458e-04
5.421638e-04
5.500317e-04
5.540848e-04
4.718304e-04
5.440712e-04
5.469322e-04
4.713535e-04
4.723072e-04
5.393028e-04
5.524158e-04
4.737377e-04
4.720688e-04
5.433559e-04
5.495548e-04
4.692078e-04
4.775524e-04
5.433559e-04
5.505085e-04
4.746914e-04
4.789829e-04
4.365444e-04
5.483627e-04
4.720688e-04
4.763603e-04
5.416870e-04
5.507469e-04
4.749298e-04
4.725456e-04
4.363060e-04
5.531311e-04
4.787445e-04
4.756451e-04
5.383492e-04
5.521774e-04
4.746914e-04
4.727840e-04
5.443096e-04
5.471706e-04
4.718304e-04
4.756451e-04
5.435944e-04
5.478859e-04
4.754066e-04
4.754066e-04
5.447865e-04
5.486012e-04
4.718304e-04
4.756451e-04
4.742146e-04
5.555153e-04
4.758835e-04
4.737377e-04
5.462170e-04
4.746914e-04
5.586147e-04
5.595684e-04
4.744530e-04
4.742146e-04
5.586147e-04
5.557537e-04
4.374981e-04
5.526543e-04
5.693436e-04
5.648136e-04
4.837513e-04
5.493164e-04
5.655289e-04
5.652905e-04
4.832745e-04
5.497932e-04
5.681515e-04
5.695820e-04
4.811287e-04
5.509853e-04
5.671978e-04
5.691051e-04
4.806519e-04
5.524158e-04
5.648136e-04
5.657673e-04
4.787445e-04
5.497932e-04
5.695820e-04
5.657673e-04
4.785061e-04
5.490780e-04
5.655289e-04
5.674362e-04
4.801750e-04
5.493164e-04
5.657673e-04
5.481243e-04
4.811287e-04
5.507469e-04
5.660057e-04
5.669594e-04
4.794598e-04
5.517006e-04
5.686283e-04
5.652905e-04
4.820824e-04
5.512238e-04
5.652905e-04
5.624294e-04
4.816055e-04
4.951954e-04
