1.278639e-03
1.116991e-03
9.200573e-04
1.093626e-03
1.049280e-03
9.698868e-04
1.082659e-03
1.051188e-03
9.429455e-04
1.125097e-03
1.112938e-03
1.070976e-03
1.049042e-03
1.083851e-03
1.109123e-03
1.066923e-03
9.109974e-04
1.131296e-03
1.150608e-03
1.094580e-03
1.083612e-03
9.319782e-04
1.079082e-03
1.092434e-03
1.092434e-03
1.112938e-03
1.091719e-03
1.080751e-03
1.109600e-03
1.093626e-03
1.072168e-03
1.143456e-03
1.114368e-03
1.093388e-03
1.116753e-03
1.046419e-03
1.089334e-03
1.055479e-03
9.047985e-04
1.069784e-03
1.017332e-03
1.103163e-03
1.081705e-03
1.063347e-03
1.091242e-03
1.092196e-03
1.110315e-03
1.041412e-03
1.118422e-03
1.084805e-03
1.134872e-03
1.088619e-03
1.103163e-03
1.108646e-03
1.146078e-03
1.107216e-03
1.071215e-03
1.077890e-03
1.080513e-03
1.094818e-03
1.091719e-03
1.079559e-03
1.088142e-03
1.105070e-03
1.063824e-03
1.075268e-03
1.131535e-03
1.048088e-03
1.099110e-03
1.054287e-03
1.152277e-03
1.157999e-03
1.124382e-03
1.071692e-03
1.116514e-03
1.092672e-03
1.094580e-03
9.272099e-04
1.122236e-03
1.113653e-03
1.079082e-03
1.104593e-03
1.128674e-03
1.074553e-03
1.091242e-03
1.087427e-03
8.757114e-04
1.092672e-03
1.088858e-03
1.089573e-03
1.096010e-03
1.152992e-03
1.071692e-03
1.071453e-03
1.127958e-03
1.092196e-03
1.248837e-03
1.083612e-03
1.088381e-03
1.095295e-03
1.090288e-03
1.005173e-03
1.109123e-03
9.446144e-04
1.072407e-03
1.068830e-03
1.098633e-03
1.150131e-03
1.083374e-03
1.081467e-03
1.130342e-03
1.140833e-03
1.114130e-03
1.094818e-03
1.094818e-03
1.111746e-03
1.078129e-03
1.087189e-03
1.099825e-03
1.485825e-03
1.086712e-03
1.121759e-03
1.080990e-03
1.114845e-03
1.111269e-03
1.074553e-03
1.069069e-03
1.122713e-03
1.081705e-03
1.094341e-03
9.968281e-04
1.107693e-03
9.176731e-04
1.083136e-03
8.332729e-04
1.090050e-03
1.108408e-03
1.068115e-03
1.085520e-03
1.087189e-03
1.125336e-03
1.074314e-03
1.076937e-03
1.084328e-03
1.088142e-03
1.064301e-03
1.075983e-03
1.092672e-03
1.100063e-03
1.067400e-03
1.081228e-03
1.097202e-03
1.107931e-03
1.094818e-03
1.082420e-03
1.147032e-03
1.104593e-03
1.082897e-03
1.080036e-03
1.100540e-03
1.127720e-03
1.126528e-03
1.056433e-03
1.122475e-03
1.155138e-03
1.091003e-03
1.086950e-03
1.091003e-03
1.082420e-03
1.018286e-03
1.103640e-03
1.092911e-03
1.085997e-03
1.048326e-03
1.079559e-03
1.098156e-03
1.107216e-03
1.077652e-03
1.083374e-03
1.094818e-03
1.131058e-03
1.043797e-03
1.081228e-03
1.096487e-03
1.067877e-03
1.015902e-03
1.090765e-03
1.130104e-03
1.083851e-03
1.098156e-03
1.091719e-03
1.102448e-03
1.131058e-03
1.077652e-03
1.082659e-03
1.109123e-03
9.384155e-04
1.092196e-03
1.105547e-03
1.154184e-03
1.147985e-03
1.117468e-03
1.084328e-03
1.112700e-03
1.091719e-03
1.067877e-03
1.147509e-03
1.098633e-03
1.097202e-03
1.091480e-03
1.092672e-03
1.156092e-03
1.245022e-03
1.070499e-03
1.110554e-03
9.181499e-04
1.082897e-03
9.996891e-04
1.125336e-03
1.107454e-03
1.068592e-03
1.081944e-03
1.094341e-03
9.145737e-04
1.074791e-03
1.082420e-03
1.091480e-03
1.155615e-03
1.091957e-03
1.078844e-03
1.103163e-03
1.084328e-03
1.070023e-03
1.091957e-03
1.128912e-03
1.107693e-03
1.088619e-03
1.084089e-03
1.090050e-03
1.154423e-03
1.111507e-03
1.068115e-03
1.090288e-03
1.081705e-03
9.427071e-04
1.080990e-03
1.118183e-03
1.087427e-03
1.092672e-03
9.813309e-04
1.128674e-03
1.147509e-03
1.089573e-03
1.065493e-03
1.147270e-03
1.121283e-03
9.608269e-04
1.102686e-03
1.112461e-03
1.120329e-03
1.096964e-03
1.091957e-03
1.089573e-03
1.130819e-03
1.071692e-03
1.082897e-03
1.049280e-03
1.097441e-03
1.046181e-03
9.965897e-04
1.110077e-03
1.091242e-03
1.057148e-03
1.075983e-03
1.089573e-03
1.106024e-03
1.072168e-03
1.077890e-03
1.120329e-03
1.080275e-03
1.086712e-03
1.088381e-03
1.106024e-03
1.126528e-03
1.082897e-03
1.082420e-03
1.080036e-03
9.679794e-04
1.073837e-03
1.088142e-03
1.133680e-03
1.094580e-03
1.089811e-03
1.069784e-03
1.137733e-03
1.117945e-03
1.064062e-03
1.049280e-03
1.003265e-03
1.076937e-03
1.076460e-03
1.085520e-03
1.090288e-03
1.100063e-03
1.089334e-03
1.070023e-03
1.080513e-03
1.156092e-03
1.098871e-03
1.094580e-03
9.617805e-04
1.123190e-03
1.102924e-03
1.052618e-03
1.084328e-03
1.097202e-03
1.128912e-03
1.042128e-03
1.065493e-03
1.107216e-03
1.128912e-03
1.077175e-03
1.079559e-03
1.091719e-03
1.124144e-03
1.119852e-03
1.087666e-03
1.085520e-03
1.088858e-03
1.096964e-03
1.088858e-03
1.119852e-03
1.077175e-03
1.094580e-03
1.089096e-03
1.089334e-03
1.139641e-03
1.078129e-03
1.085520e-03
1.099110e-03
1.096010e-03
1.118422e-03
1.065254e-03
1.112223e-03
9.336472e-04
1.083374e-03
1.066446e-03
1.082182e-03
1.122952e-03
1.068830e-03
1.059532e-03
1.084805e-03
1.135111e-03
1.078129e-03
1.086473e-03
1.101732e-03
1.130819e-03
1.106977e-03
1.080513e-03
1.109838e-03
1.115561e-03
1.055479e-03
1.157522e-03
1.121044e-03
1.151800e-03
1.096487e-03
1.083851e-03
1.106262e-03
1.130581e-03
1.063585e-03
1.081467e-03
1.008511e-03
1.082659e-03
1.079321e-03
9.980202e-04
1.121044e-03
1.106977e-03
1.078129e-03
1.100540e-03
9.992123e-04
1.088142e-03
1.242161e-03
1.060009e-03
1.086235e-03
1.063108e-03
1.241684e-03
1.077890e-03
1.094818e-03
1.108408e-03
1.056910e-03
1.081944e-03
1.099348e-03
1.126289e-03
1.069546e-03
1.076221e-03
1.113176e-03
1.097441e-03
1.100540e-03
1.106977e-03
1.093626e-03
1.155853e-03
1.087904e-03
1.086473e-03
1.107693e-03
1.133680e-03
1.207590e-03
1.089573e-03
1.088619e-03
1.103163e-03
1.082659e-03
1.089573e-03
9.398460e-04
1.125813e-03
9.164810e-04
1.082420e-03
1.089334e-03
1.150608e-03
1.152515e-03
1.190662e-03
1.080275e-03
1.114130e-03
1.090288e-03
1.129627e-03
1.077414e-03
1.086473e-03
1.095772e-03
1.078367e-03
1.093149e-03
9.925365e-04
1.138449e-03
1.152754e-03
1.100302e-03
1.096725e-03
1.147270e-03
1.123428e-03
1.083612e-03
1.073599e-03
1.111984e-03
8.995533e-04
1.090527e-03
1.062632e-03
1.082420e-03
1.130104e-03
1.076460e-03
1.083374e-03
1.098394e-03
1.120806e-03
1.114607e-03
1.070023e-03
1.096249e-03
1.103878e-03
1.091480e-03
8.661747e-04
1.137733e-03
1.109838e-03
1.054287e-03
1.081705e-03
1.126766e-03
1.095533e-03
1.053572e-03
9.968281e-04
1.079082e-03
1.120567e-03
1.065016e-03
1.080275e-03
1.125813e-03
1.091480e-03
1.095057e-03
9.946823e-04
1.117706e-03
1.159191e-03
1.113653e-03
1.069069e-03
1.084328e-03
1.082182e-03
1.048088e-03
1.079559e-03
1.091003e-03
1.188755e-03
1.107693e-03
1.056671e-03
1.082182e-03
1.096010e-03
1.123190e-03
1.120806e-03
1.061916e-03
1.114368e-03
1.088858e-03
1.076221e-03
1.067638e-03
1.146078e-03
1.080036e-03
1.090050e-03
1.083136e-03
1.134872e-03
1.103401e-03
1.076698e-03
1.080751e-03
1.151800e-03
1.103878e-03
1.090050e-03
1.084566e-03
1.093864e-03
1.083136e-03
1.044989e-03
1.067162e-03
1.106262e-03
1.063108e-03
1.122713e-03
9.434223e-04
1.124620e-03
1.086712e-03
1.092911e-03
9.965897e-04
1.073599e-03
1.041412e-03
1.065969e-03
1.080990e-03
1.098156e-03
1.125336e-03
1.113176e-03
1.093626e-03
1.082659e-03
1.067400e-03
1.089573e-03
1.061201e-03
1.098633e-03
1.127481e-03
1.055479e-03
1.087427e-03
1.082182e-03
1.105309e-03
1.213074e-03
1.084089e-03
1.114368e-03
1.070023e-03
1.089811e-03
1.039028e-03
1.112938e-03
1.127958e-03
1.056910e-03
1.076460e-03
1.095295e-03
1.062155e-03
1.090765e-03
9.706020e-04
1.121521e-03
1.155615e-03
1.088142e-03
1.041651e-03
9.400845e-04
1.071215e-03
1.114845e-03
1.084089e-03
1.113892e-03
1.104355e-03
1.080275e-03
9.379387e-04
1.121044e-03
1.154184e-03
1.105309e-03
1.078367e-03
1.104355e-03
1.089811e-03
1.094103e-03
9.019375e-04
1.128197e-03
9.348392e-04
1.083612e-03
1.036882e-03
1.103163e-03
1.084805e-03
1.233101e-03
1.080751e-03
1.103640e-03
1.157761e-03
1.067877e-03
1.073599e-03
1.111984e-03
1.139402e-03
1.069546e-03
1.084805e-03
1.096725e-03
1.121759e-03
1.127005e-03
1.075983e-03
1.096487e-03
1.150370e-03
1.105070e-03
1.049519e-03
1.338005e-03
1.099586e-03
1.073122e-03
1.070499e-03
1.111269e-03
1.124620e-03
1.073122e-03
1.077652e-03
1.098394e-03
1.146078e-03
1.115084e-03
9.338856e-04
1.118660e-03
1.105309e-03
1.073599e-03
1.086473e-03
9.992123e-04
1.121998e-03
1.116276e-03
1.056433e-03
1.110792e-03
1.067638e-03
1.104355e-03
1.061916e-03
1.152039e-03
1.078129e-03
1.080275e-03
8.771420e-04
1.086950e-03
1.073122e-03
1.111269e-03
1.080751e-03
1.138210e-03
1.093626e-03
1.072407e-03
1.080036e-03
1.127720e-03
1.117945e-03
1.089334e-03
1.041889e-03
1.082659e-03
1.086473e-03
1.107931e-03
1.085997e-03
1.112700e-03
1.066923e-03
1.098394e-03
1.081228e-03
1.099825e-03
1.123428e-03
1.210928e-03
1.082182e-03
1.111746e-03
1.096725e-03
1.118660e-03
1.088142e-03
1.109600e-03
1.128435e-03
1.076937e-03
1.095533e-03
1.099348e-03
1.083374e-03
1.062870e-03
1.117945e-03
1.090527e-03
1.081228e-03
1.069546e-03
1.090765e-03
1.079798e-03
1.091480e-03
1.104593e-03
1.125813e-03
1.077652e-03
1.107693e-03
1.054287e-03
1.088381e-03
1.086712e-03
1.103163e-03
1.127720e-03
1.060486e-03
1.083374e-03
1.101255e-03
1.079082e-03
1.055956e-03
1.118660e-03
1.101732e-03
1.163483e-03
1.087904e-03
1.090288e-03
1.107454e-03
1.131773e-03
1.085520e-03
1.081467e-03
1.099825e-03
1.078367e-03
1.088381e-03
1.088381e-03
1.149893e-03
1.164675e-03
1.115799e-03
1.087189e-03
1.111269e-03
1.131535e-03
1.075983e-03
1.085758e-03
1.126051e-03
1.063108e-03
1.094103e-03
1.091242e-03
9.412766e-04
1.077175e-03
1.247406e-03
1.105309e-03
1.130104e-03
1.112461e-03
1.094103e-03
1.091957e-03
1.147270e-03
1.160145e-03
1.090288e-03
1.078606e-03
1.103401e-03
1.128674e-03
1.053572e-03
1.084566e-03
1.098871e-03
1.129627e-03
1.110792e-03
1.090527e-03
1.121044e-03
1.073360e-03
1.087427e-03
1.090527e-03
1.096010e-03
1.137257e-03
1.210690e-03
1.057386e-03
1.085520e-03
1.125574e-03
1.058817e-03
1.085043e-03
1.096487e-03
1.125097e-03
1.117468e-03
1.068354e-03
1.108170e-03
1.066446e-03
1.047611e-03
9.980202e-04
9.396076e-04
1.110315e-03
1.053095e-03
1.078844e-03
1.094103e-03
1.128674e-03
1.114607e-03
9.164810e-04
1.079082e-03
1.104355e-03
1.073360e-03
1.083612e-03
1.096010e-03
1.160622e-03
1.112700e-03
1.034498e-03
1.110315e-03
1.085997e-03
1.122952e-03
1.080513e-03
1.116753e-03
1.063108e-03
1.087427e-03
1.094818e-03
1.098156e-03
1.124382e-03
1.076221e-03
1.115561e-03
1.089573e-03
1.088381e-03
1.086950e-03
1.103401e-03
1.089573e-03
1.085520e-03
1.081467e-03
1.146555e-03
1.095295e-03
1.117468e-03
1.065016e-03
1.125336e-03
1.103640e-03
1.215935e-03
1.054287e-03
1.137257e-03
1.099110e-03
1.070261e-03
1.087904e-03
1.096725e-03
1.130342e-03
1.126051e-03
1.051426e-03
1.128197e-03
9.341240e-04
1.090527e-03
1.069546e-03
9.303093e-04
1.110315e-03
1.086712e-03
1.084089e-03
1.004219e-03
1.131296e-03
1.114368e-03
1.064062e-03
1.126289e-03
1.151800e-03
1.064062e-03
1.068592e-03
9.112358e-04
1.119852e-03
1.083374e-03
1.090765e-03
1.109838e-03
1.131773e-03
1.073360e-03
1.084089e-03
1.036167e-03
1.082420e-03
1.070976e-03
1.085281e-03
1.133680e-03
1.089811e-03
1.073599e-03
1.108408e-03
1.147032e-03
1.110792e-03
1.073837e-03
1.092672e-03
1.095772e-03
1.096487e-03
1.117468e-03
1.071692e-03
1.109600e-03
1.091480e-03
1.087904e-03
1.088381e-03
1.091003e-03
1.073837e-03
1.116991e-03
1.097202e-03
1.108646e-03
1.095772e-03
1.058102e-03
1.078844e-03
9.043217e-04
1.074076e-03
1.215458e-03
1.055717e-03
1.111984e-03
1.071215e-03
1.116037e-03
9.343624e-04
1.124620e-03
1.049042e-03
1.087189e-03
1.091957e-03
9.105206e-04
1.113415e-03
1.054764e-03
1.077175e-03
1.095057e-03
1.121759e-03
1.123190e-03
1.073122e-03
1.094341e-03
1.150370e-03
1.089573e-03
1.092672e-03
1.105070e-03
1.079559e-03
1.091003e-03
1.087427e-03
1.110792e-03
1.081228e-03
8.294582e-04
1.138449e-03
1.122236e-03
1.102686e-03
1.068830e-03
1.081944e-03
1.095057e-03
1.082420e-03
1.165152e-03
8.308887e-04
1.077175e-03
1.146078e-03
1.155138e-03
1.092911e-03
1.198769e-03
1.091242e-03
1.124382e-03
1.107693e-03
1.054525e-03
1.081944e-03
1.101732e-03
1.100779e-03
1.043320e-03
9.994507e-04
1.108408e-03
1.070261e-03
1.109600e-03
1.062155e-03
1.091957e-03
1.131296e-03
1.070023e-03
1.078129e-03
1.098871e-03
1.098156e-03
1.116753e-03
9.369850e-04
1.125336e-03
1.106024e-03
1.079559e-03
1.092196e-03
1.099825e-03
1.097918e-03
1.086473e-03
1.134634e-03
1.159668e-03
1.090288e-03
1.090050e-03
9.698868e-04
1.076698e-03
1.089811e-03
1.091719e-03
1.150846e-03
1.089334e-03
1.055241e-03
1.080513e-03
1.125097e-03
9.393692e-04
1.089573e-03
1.064062e-03
1.152515e-03
1.127481e-03
9.610653e-04
1.074314e-03
1.112461e-03
1.088858e-03
1.082659e-03
1.097441e-03
1.323700e-03
1.063108e-03
1.090765e-03
1.073360e-03
1.155376e-03
1.130342e-03
1.120567e-03
9.090900e-04
1.131058e-03
1.096010e-03
1.099825e-03
1.061678e-03
1.091719e-03
1.106739e-03
1.069784e-03
1.075029e-03
1.085520e-03
1.133680e-03
1.116037e-03
1.081467e-03
9.353161e-04
1.066685e-03
1.094580e-03
1.091003e-03
1.108885e-03
1.131058e-03
1.069307e-03
1.085520e-03
1.099110e-03
1.133680e-03
1.115561e-03
1.051664e-03
1.080990e-03
1.092196e-03
1.087904e-03
1.083612e-03
9.379387e-04
1.114130e-03
1.064777e-03
1.082420e-03
1.102686e-03
1.123667e-03
1.112461e-03
1.065254e-03
1.121521e-03
1.109123e-03
1.078367e-03
1.090527e-03
1.094818e-03
9.765625e-04
1.114368e-03
1.102686e-03
1.215935e-03
1.075745e-03
1.119852e-03
1.071692e-03
1.083136e-03
1.090765e-03
1.122713e-03
1.109123e-03
1.105309e-03
