2.589226e-04
2.372265e-04
3.910065e-04
2.274513e-04
2.465248e-04
2.734661e-04
2.818108e-04
2.710819e-04
2.303123e-04
2.298355e-04
2.503395e-04
2.503395e-04
2.326965e-04
2.462864e-04
2.319813e-04
2.253056e-04
2.367496e-04
2.262592e-04
2.794266e-04
2.675056e-04
2.391338e-04
2.849102e-04
2.388954e-04
2.572536e-04
2.317429e-04
2.858639e-04
2.295971e-04
2.703667e-04
2.787113e-04
2.865791e-04
2.331734e-04
2.551079e-04
2.284050e-04
2.882481e-04
2.326965e-04
2.307892e-04
2.758503e-04
2.849102e-04
2.775192e-04
2.305508e-04
2.319813e-04
2.498627e-04
2.832413e-04
2.624989e-04
2.777576e-04
2.758503e-04
2.870560e-04
2.257824e-04
2.589226e-04
2.243519e-04
2.820492e-04
2.303123e-04
2.784729e-04
2.472401e-04
2.818108e-04
2.424717e-04
2.553463e-04
2.224445e-04
2.834797e-04
2.253056e-04
2.803802e-04
2.470016e-04
2.877712e-04
2.312660e-04
2.522469e-04
2.219677e-04
2.841949e-04
2.281666e-04
2.789497e-04
2.739429e-04
2.255440e-04
2.250671e-04
2.551079e-04
2.241135e-04
2.846718e-04
2.474785e-04
2.758503e-04
2.732277e-04
2.841949e-04
2.260208e-04
2.431870e-04
2.238750e-04
2.837181e-04
2.253056e-04
2.806187e-04
2.748966e-04
2.806187e-04
2.262592e-04
2.825260e-04
2.505779e-04
2.813339e-04
2.241135e-04
2.365112e-04
2.281666e-04
2.853870e-04
2.744198e-04
2.505779e-04
2.467632e-04
2.815723e-04
2.479553e-04
2.412796e-04
2.429485e-04
2.882481e-04
2.238750e-04
2.527237e-04
2.219677e-04
2.901554e-04
2.746582e-04
2.334118e-04
2.484322e-04
2.856255e-04
2.286434e-04
2.577305e-04
2.708435e-04
2.822876e-04
2.460480e-04
2.317429e-04
2.439022e-04
2.732277e-04
2.310276e-04
2.577305e-04
2.467632e-04
2.539158e-04
2.462864e-04
2.324581e-04
2.486706e-04
2.713203e-04
2.269745e-04
2.532005e-04
2.484322e-04
2.865791e-04
2.417564e-04
2.284050e-04
2.501011e-04
2.849102e-04
2.293587e-04
2.539158e-04
2.706051e-04
2.846718e-04
2.262592e-04
2.830029e-04
2.441406e-04
2.841949e-04
2.875328e-04
2.486706e-04
2.501011e-04
2.863407e-04
2.257824e-04
2.801418e-04
2.257824e-04
2.887249e-04
2.744198e-04
2.849102e-04
2.222061e-04
2.801418e-04
2.782345e-04
2.462864e-04
2.267361e-04
2.300739e-04
2.284050e-04
2.830029e-04
2.744198e-04
2.312660e-04
2.257824e-04
2.880096e-04
2.458096e-04
2.329350e-04
2.248287e-04
2.839565e-04
2.245903e-04
2.470016e-04
2.701283e-04
2.319813e-04
2.872944e-04
2.489090e-04
2.558231e-04
2.315044e-04
2.856255e-04
2.312660e-04
2.644062e-04
2.319813e-04
2.846718e-04
2.427101e-04
2.408028e-04
2.446175e-04
2.841949e-04
2.317429e-04
2.808571e-04
2.326965e-04
2.884865e-04
2.741814e-04
2.248287e-04
2.329350e-04
2.849102e-04
2.465248e-04
2.298355e-04
2.446175e-04
2.822876e-04
2.777576e-04
2.243519e-04
2.489090e-04
2.868176e-04
2.510548e-04
2.288818e-04
2.849102e-04
2.884865e-04
2.377033e-04
2.477169e-04
2.501011e-04
2.841949e-04
2.305508e-04
2.262592e-04
2.744198e-04
2.896786e-04
2.322197e-04
2.753735e-04
2.446175e-04
2.827644e-04
2.431870e-04
2.484322e-04
2.450943e-04
2.810955e-04
2.453327e-04
2.746582e-04
2.315044e-04
2.872944e-04
2.775192e-04
2.295971e-04
2.346039e-04
2.808571e-04
2.315044e-04
2.250671e-04
2.462864e-04
2.274513e-04
2.472401e-04
2.222061e-04
2.470016e-04
2.841949e-04
2.477169e-04
2.520084e-04
2.768040e-04
2.868176e-04
2.279282e-04
2.746582e-04
2.443790e-04
2.837181e-04
2.801418e-04
2.479553e-04
2.315044e-04
2.839565e-04
2.510548e-04
2.303123e-04
2.303123e-04
2.868176e-04
2.806187e-04
2.324581e-04
2.315044e-04
2.889633e-04
2.441406e-04
2.222061e-04
2.808571e-04
2.872944e-04
2.462864e-04
2.477169e-04
2.310276e-04
2.853870e-04
2.319813e-04
2.295971e-04
2.775192e-04
2.276897e-04
2.436638e-04
2.548695e-04
2.300739e-04
2.872944e-04
2.553463e-04
2.264977e-04
2.772808e-04
2.875328e-04
2.293587e-04
2.751350e-04
2.467632e-04
2.872944e-04
2.520084e-04
2.212524e-04
2.470016e-04
2.863407e-04
2.474785e-04
2.491474e-04
2.477169e-04
2.844334e-04
2.536774e-04
2.377033e-04
2.303123e-04
2.813339e-04
2.458096e-04
2.527237e-04
2.455711e-04
2.837181e-04
2.458096e-04
2.353191e-04
2.276897e-04
2.880096e-04
2.319813e-04
2.753735e-04
2.355576e-04
2.844334e-04
2.779961e-04
2.460480e-04
2.286434e-04
2.853870e-04
2.439022e-04
2.319813e-04
2.307892e-04
2.846718e-04
2.312660e-04
2.284050e-04
2.315044e-04
2.846718e-04
2.532005e-04
2.543926e-04
2.443790e-04
2.880096e-04
2.477169e-04
2.374649e-04
2.312660e-04
2.887249e-04
2.288818e-04
2.262592e-04
2.806187e-04
2.872944e-04
2.763271e-04
2.222061e-04
2.350807e-04
2.439022e-04
2.310276e-04
2.248287e-04
2.336502e-04
2.317429e-04
2.582073e-04
2.470016e-04
2.300739e-04
2.260208e-04
2.405643e-04
2.455711e-04
2.434254e-04
2.257824e-04
2.326965e-04
2.720356e-04
2.787113e-04
2.279282e-04
2.336502e-04
2.479553e-04
2.317429e-04
2.238750e-04
2.491474e-04
2.257824e-04
2.322197e-04
2.737045e-04
2.825260e-04
2.262592e-04
2.372265e-04
2.281666e-04
2.496243e-04
2.436638e-04
2.319813e-04
2.291203e-04
2.784729e-04
2.701283e-04
2.326965e-04
2.291203e-04
2.486706e-04
2.470016e-04
2.284050e-04
2.253056e-04
2.775192e-04
2.732277e-04
2.319813e-04
2.253056e-04
2.427101e-04
2.217293e-04
2.322197e-04
2.279282e-04
2.779961e-04
2.739429e-04
2.281666e-04
2.255440e-04
2.603531e-04
2.486706e-04
2.326965e-04
2.508163e-04
2.746582e-04
2.744198e-04
2.319813e-04
2.877712e-04
2.596378e-04
2.536774e-04
2.257824e-04
2.279282e-04
2.796650e-04
2.729893e-04
2.322197e-04
2.875328e-04
2.584457e-04
2.214909e-04
2.288818e-04
2.286434e-04
2.801418e-04
2.741814e-04
2.300739e-04
2.257824e-04
2.582073e-04
2.472401e-04
2.248287e-04
2.307892e-04
2.775192e-04
2.496243e-04
2.310276e-04
2.257824e-04
2.529621e-04
2.195835e-04
2.439022e-04
2.913475e-04
2.415180e-04
2.291203e-04
2.288818e-04
2.243519e-04
2.539158e-04
2.226830e-04
2.334118e-04
2.481937e-04
2.315044e-04
2.450943e-04
2.779961e-04
2.894402e-04
2.493858e-04
2.489090e-04
2.317429e-04
2.253056e-04
2.312660e-04
2.460480e-04
2.307892e-04
2.286434e-04
2.591610e-04
2.462864e-04
2.319813e-04
2.880096e-04
2.300739e-04
2.241135e-04
2.789497e-04
2.279282e-04
2.520084e-04
2.706051e-04
2.312660e-04
2.474785e-04
2.198219e-04
2.577305e-04
2.751350e-04
2.250671e-04
2.529621e-04
2.479553e-04
2.315044e-04
2.930164e-04
2.338886e-04
2.458096e-04
2.787113e-04
2.238750e-04
2.293587e-04
2.663136e-04
2.334118e-04
2.892017e-04
2.791882e-04
2.622604e-04
2.288818e-04
2.870560e-04
2.536774e-04
2.465248e-04
2.322197e-04
2.839565e-04
2.768040e-04
2.450943e-04
2.312660e-04
2.741814e-04
2.541542e-04
2.498627e-04
2.350807e-04
2.233982e-04
2.887249e-04
2.243519e-04
2.491474e-04
2.744198e-04
2.341270e-04
2.229214e-04
2.360344e-04
2.512932e-04
2.367496e-04
2.243519e-04
2.455711e-04
2.713203e-04
2.861023e-04
2.200603e-04
2.820492e-04
2.486706e-04
2.331734e-04
2.253056e-04
2.427101e-04
2.710819e-04
2.405643e-04
2.226830e-04
2.737045e-04
2.248287e-04
2.324581e-04
2.536774e-04
2.312660e-04
2.999306e-04
2.551079e-04
2.210140e-04
2.291203e-04
2.927780e-04
2.427101e-04
2.472401e-04
2.491474e-04
2.276897e-04
2.577305e-04
2.224445e-04
2.355576e-04
2.741814e-04
2.317429e-04
2.493858e-04
2.801418e-04
2.274513e-04
2.586842e-04
2.453327e-04
2.307892e-04
2.946854e-04
2.255440e-04
2.522469e-04
2.713203e-04
2.977848e-04
2.250671e-04
2.689362e-04
2.255440e-04
2.260208e-04
2.276897e-04
2.315044e-04
2.486706e-04
2.298355e-04
2.284050e-04
2.779961e-04
2.250671e-04
2.448559e-04
2.717972e-04
2.522469e-04
2.231598e-04
2.744198e-04
2.355576e-04
2.462864e-04
2.260208e-04
2.892017e-04
2.737045e-04
2.467632e-04
2.226830e-04
2.741814e-04
2.472401e-04
2.391338e-04
2.260208e-04
2.944469e-04
2.706051e-04
2.455711e-04
2.224445e-04
2.729893e-04
2.436638e-04
2.312660e-04
2.257824e-04
2.276897e-04
2.763271e-04
2.479553e-04
2.233982e-04
2.894402e-04
2.386570e-04
2.496243e-04
2.250671e-04
2.853870e-04
2.725124e-04
2.443790e-04
2.226830e-04
2.865791e-04
2.381802e-04
2.610683e-04
2.293587e-04
2.868176e-04
2.751350e-04
2.806187e-04
2.222061e-04
2.841949e-04
2.384186e-04
2.486706e-04
2.272129e-04
2.481937e-04
2.708435e-04
2.498627e-04
2.217293e-04
2.772808e-04
2.381802e-04
2.453327e-04
2.293587e-04
2.918243e-04
2.717972e-04
2.486706e-04
2.200603e-04
2.737045e-04
2.465248e-04
2.274513e-04
2.436638e-04
2.443790e-04
2.305508e-04
2.479553e-04
2.214909e-04
2.846718e-04
2.272129e-04
2.241135e-04
2.460480e-04
2.264977e-04
2.329350e-04
2.768040e-04
2.212524e-04
2.391338e-04
2.744198e-04
2.479553e-04
2.276897e-04
2.856255e-04
2.396107e-04
2.338886e-04
2.424717e-04
2.775192e-04
2.748966e-04
2.281666e-04
2.417564e-04
2.486706e-04
2.250671e-04
2.508163e-04
2.233982e-04
2.403259e-04
2.739429e-04
2.787113e-04
2.257824e-04
2.288818e-04
2.367496e-04
2.505779e-04
2.188683e-04
2.298355e-04
2.732277e-04
2.739429e-04
2.262592e-04
2.260208e-04
2.465248e-04
2.312660e-04
2.231598e-04
2.253056e-04
2.760887e-04
2.777576e-04
2.262592e-04
2.243519e-04
2.412796e-04
2.305508e-04
2.217293e-04
2.903938e-04
2.708435e-04
2.768040e-04
2.245903e-04
2.255440e-04
2.386570e-04
2.284050e-04
2.408028e-04
2.248287e-04
2.226830e-04
2.775192e-04
2.748966e-04
2.551079e-04
2.212524e-04
2.317429e-04
2.264977e-04
2.193451e-04
2.250671e-04
2.789497e-04
2.737045e-04
2.586842e-04
2.212524e-04
2.317429e-04
2.241135e-04
2.343655e-04
2.255440e-04
2.777576e-04
2.768040e-04
2.481937e-04
2.224445e-04
2.312660e-04
2.276897e-04
2.262592e-04
2.245903e-04
2.806187e-04
2.737045e-04
2.572536e-04
2.224445e-04
2.324581e-04
2.286434e-04
2.226830e-04
2.286434e-04
2.398491e-04
2.727509e-04
2.787113e-04
2.229214e-04
2.303123e-04
2.520084e-04
2.329350e-04
2.269745e-04
2.336502e-04
2.257824e-04
2.608299e-04
2.665520e-04
2.324581e-04
2.291203e-04
2.377033e-04
2.274513e-04
2.291203e-04
2.274513e-04
2.524853e-04
2.694130e-04
2.326965e-04
2.725124e-04
2.396107e-04
2.279282e-04
2.765656e-04
2.279282e-04
2.319813e-04
2.486706e-04
2.310276e-04
2.477169e-04
2.326965e-04
2.505779e-04
2.801418e-04
2.267361e-04
2.527237e-04
2.665520e-04
2.501011e-04
2.260208e-04
2.679825e-04
2.439022e-04
2.410412e-04
2.253056e-04
2.319813e-04
3.705025e-04
2.315044e-04
2.214909e-04
2.455711e-04
2.241135e-04
2.467632e-04
2.236366e-04
2.858639e-04
2.677441e-04
2.319813e-04
2.462864e-04
2.479553e-04
2.281666e-04
2.429485e-04
2.250671e-04
2.856255e-04
2.677441e-04
2.353191e-04
2.276897e-04
2.923012e-04
2.245903e-04
2.460480e-04
2.264977e-04
2.875328e-04
2.646446e-04
2.322197e-04
2.253056e-04
2.501011e-04
2.267361e-04
2.560616e-04
2.272129e-04
2.956390e-04
2.706051e-04
2.303123e-04
2.279282e-04
2.667904e-04
2.236366e-04
2.467632e-04
2.260208e-04
2.901554e-04
2.677441e-04
2.489090e-04
2.315044e-04
2.570152e-04
2.267361e-04
2.436638e-04
2.253056e-04
2.894402e-04
2.708435e-04
2.329350e-04
2.253056e-04
2.853870e-04
2.276897e-04
2.443790e-04
2.253056e-04
2.436638e-04
2.241135e-04
2.400875e-04
2.510548e-04
2.293587e-04
2.970695e-04
2.760887e-04
2.210140e-04
2.374649e-04
2.737045e-04
2.372265e-04
2.474785e-04
2.291203e-04
2.274513e-04
2.434254e-04
2.224445e-04
2.357960e-04
2.887249e-04
2.336502e-04
2.272129e-04
2.763271e-04
2.887249e-04
2.295971e-04
2.470016e-04
2.408028e-04
2.927780e-04
2.319813e-04
2.229214e-04
2.748966e-04
2.315044e-04
2.295971e-04
2.675056e-04
2.403259e-04
2.896786e-04
2.403259e-04
2.543926e-04
2.317429e-04
2.725124e-04
2.577305e-04
2.217293e-04
2.417564e-04
2.858639e-04
2.295971e-04
2.741814e-04
2.472401e-04
2.212524e-04
2.758503e-04
2.408028e-04
2.322197e-04
2.861023e-04
2.427101e-04
2.758503e-04
2.484322e-04
2.191067e-04
2.810955e-04
2.410412e-04
2.367496e-04
2.863407e-04
2.489090e-04
2.241135e-04
2.462864e-04
2.241135e-04
2.286434e-04
2.260208e-04
2.458096e-04
2.741814e-04
2.455711e-04
2.305508e-04
2.949238e-04
2.243519e-04
2.255440e-04
2.260208e-04
2.458096e-04
2.863407e-04
2.508163e-04
2.253056e-04
2.884865e-04
2.849102e-04
1.964569e-04
2.486706e-04
2.310276e-04
2.260208e-04
2.348423e-04
2.264977e-04
2.429485e-04
2.233982e-04
2.315044e-04
2.744198e-04
2.493858e-04
2.257824e-04
2.815723e-04
2.291203e-04
2.319813e-04
2.496243e-04
2.436638e-04
2.460480e-04
2.284050e-04
2.937317e-04
2.779961e-04
2.260208e-04
2.427101e-04
2.675056e-04
2.441406e-04
2.255440e-04
2.315044e-04
2.281666e-04
2.317429e-04
2.737045e-04
2.486706e-04
2.214909e-04
2.870560e-04
2.470016e-04
2.427101e-04
2.250671e-04
2.338886e-04
2.746582e-04
2.441406e-04
2.205372e-04
2.875328e-04
2.474785e-04
2.348423e-04
2.255440e-04
2.455711e-04
2.710819e-04
2.486706e-04
2.222061e-04
2.882481e-04
2.441406e-04
2.412796e-04
2.260208e-04
2.324581e-04
2.694130e-04
2.470016e-04
2.198219e-04
2.822876e-04
2.515316e-04
2.346039e-04
2.291203e-04
2.324581e-04
2.746582e-04
2.524853e-04
2.222061e-04
2.348423e-04
2.741814e-04
2.436638e-04
2.262592e-04
2.319813e-04
2.520084e-04
2.298355e-04
2.229214e-04
2.374649e-04
2.741814e-04
2.431870e-04
2.479553e-04
2.319813e-04
2.293587e-04
2.305508e-04
2.233982e-04
2.329350e-04
2.255440e-04
2.417564e-04
2.920628e-04
2.801418e-04
2.760887e-04
2.305508e-04
2.913475e-04
2.346039e-04
2.436638e-04
2.279282e-04
2.748966e-04
2.310276e-04
2.748966e-04
2.765656e-04
2.279282e-04
2.315044e-04
2.241135e-04
2.446175e-04
2.496243e-04
2.398491e-04
2.739429e-04
2.765656e-04
2.198219e-04
2.491474e-04
2.274513e-04
2.467632e-04
2.295971e-04
2.334118e-04
2.799034e-04
2.460480e-04
2.229214e-04
2.284050e-04
2.496243e-04
2.303123e-04
2.250671e-04
2.315044e-04
