6.123784e-01
6.096251e-01
6.093571e-01
6.102035e-01
6.095908e-01
6.095440e-01
6.093373e-01
6.096618e-01
6.098146e-01
6.092529e-01
6.094940e-01
6.096561e-01
6.094677e-01
6.096561e-01
6.095066e-01
6.095252e-01
6.096017e-01
6.097510e-01
6.094670e-01
6.096165e-01
6.097150e-01
6.095207e-01
6.096632e-01
6.097577e-01
6.104326e-01
6.097095e-01
6.094391e-01
6.100922e-01
6.097853e-01
6.095023e-01
6.098368e-01
6.097238e-01
6.096489e-01
6.098228e-01
6.096294e-01
6.100302e-01
6.101842e-01
6.096261e-01
6.095998e-01
6.103308e-01
6.102479e-01
6.096337e-01
6.097517e-01
6.096997e-01
6.101639e-01
6.095831e-01
6.097128e-01
6.099536e-01
6.103237e-01
6.094558e-01
6.096177e-01
6.094019e-01
6.094337e-01
6.093111e-01
6.092556e-01
6.093500e-01
6.098523e-01
6.092134e-01
6.092017e-01
6.094494e-01
6.093857e-01
6.094813e-01
6.096308e-01
6.097209e-01
6.095996e-01
6.097007e-01
6.095109e-01
6.095042e-01
6.095147e-01
6.095045e-01
6.095006e-01
6.094985e-01
6.094000e-01
6.094413e-01
6.094596e-01
6.101613e-01
6.094801e-01
6.099517e-01
6.096148e-01
6.102929e-01
6.101511e-01
6.095483e-01
6.097720e-01
6.094038e-01
6.097088e-01
6.095481e-01
6.092846e-01
6.095076e-01
6.095676e-01
6.092620e-01
6.097295e-01
6.094296e-01
6.093457e-01
6.094236e-01
6.089911e-01
6.094179e-01
6.092062e-01
6.095936e-01
6.093769e-01
6.094205e-01
6.095021e-01
6.093202e-01
6.094475e-01
6.093357e-01
6.094332e-01
6.095309e-01
6.093910e-01
6.093032e-01
6.096938e-01
6.093729e-01
6.105554e-01
6.094651e-01
6.097991e-01
6.096301e-01
6.094604e-01
6.099513e-01
6.095407e-01
6.094375e-01
6.095445e-01
6.095600e-01
6.094339e-01
6.095226e-01
6.097682e-01
6.102374e-01
6.094706e-01
6.101913e-01
6.095054e-01
6.104167e-01
6.094992e-01
6.228750e-01
6.236868e-01
6.236653e-01
6.236777e-01
6.235731e-01
6.236715e-01
6.237414e-01
6.233385e-01
6.233604e-01
6.222510e-01
6.232817e-01
6.234207e-01
6.232667e-01
6.221292e-01
6.244071e-01
6.245563e-01
6.245666e-01
6.244612e-01
6.244235e-01
6.244345e-01
6.270633e-01
6.349945e-01
6.335626e-01
6.344209e-01
6.332929e-01
6.334031e-01
6.342826e-01
6.340945e-01
6.341782e-01
6.337099e-01
6.339569e-01
6.333601e-01
6.335258e-01
6.335232e-01
6.333840e-01
6.332660e-01
6.329584e-01
6.328938e-01
6.332355e-01
6.330256e-01
6.380649e-01
6.382177e-01
6.417425e-01
