4.247451e-02
4.165053e-02
4.244113e-02
4.219770e-02
4.249811e-02
4.127550e-02
4.209495e-02
4.224300e-02
4.224658e-02
4.238915e-02
4.255223e-02
4.214239e-02
4.232907e-02
4.120159e-02
4.231524e-02
4.250693e-02
4.216003e-02
4.078722e-02
4.211354e-02
4.241705e-02
4.243112e-02
4.212618e-02
4.239845e-02
4.220152e-02
4.246640e-02
4.232955e-02
4.251957e-02
4.108429e-02
4.218030e-02
4.226327e-02
4.235053e-02
4.230976e-02
4.217410e-02
4.233432e-02
4.197097e-02
4.227042e-02
4.220748e-02
4.245281e-02
4.199052e-02
4.224920e-02
4.245448e-02
4.193091e-02
4.231358e-02
4.122090e-02
4.117823e-02
4.238415e-02
4.241419e-02
4.238605e-02
4.222870e-02
4.213238e-02
4.222298e-02
4.241300e-02
4.224873e-02
4.234767e-02
4.238915e-02
4.239941e-02
4.211450e-02
4.206324e-02
4.213977e-02
4.223728e-02
4.139876e-02
4.243016e-02
4.247952e-02
4.189134e-02
4.236007e-02
4.113221e-02
4.206324e-02
4.215860e-02
4.244065e-02
4.220557e-02
4.207444e-02
4.234862e-02
4.234266e-02
4.245186e-02
4.215646e-02
4.201460e-02
4.208040e-02
4.234743e-02
4.224539e-02
4.229546e-02
4.247808e-02
4.215598e-02
4.224467e-02
4.212499e-02
4.231501e-02
4.218626e-02
4.228210e-02
4.129815e-02
4.233003e-02
4.212308e-02
4.232669e-02
4.273629e-02
4.234362e-02
4.225564e-02
4.235482e-02
4.208016e-02
4.223228e-02
4.243398e-02
4.207516e-02
4.230738e-02
4.193091e-02
4.197049e-02
4.108214e-02
4.232240e-02
4.104280e-02
4.227972e-02
4.241586e-02
4.239488e-02
4.197216e-02
4.203892e-02
4.232216e-02
4.232836e-02
4.239726e-02
4.236960e-02
4.130363e-02
4.236579e-02
4.233193e-02
4.112887e-02
4.222536e-02
4.247880e-02
4.251003e-02
4.242492e-02
4.233575e-02
4.217339e-02
4.218912e-02
4.214692e-02
4.217339e-02
4.204321e-02
4.237318e-02
4.230499e-02
4.207063e-02
4.256344e-02
4.201627e-02
4.227519e-02
4.241252e-02
4.117537e-02
4.245758e-02
4.213381e-02
4.186058e-02
4.227376e-02
4.218388e-02
4.215527e-02
4.197001e-02
4.221702e-02
4.205346e-02
4.197741e-02
4.247093e-02
4.224467e-02
4.235363e-02
4.219270e-02
4.215384e-02
4.234815e-02
4.234242e-02
4.237604e-02
4.224491e-02
4.203725e-02
4.213166e-02
4.124999e-02
4.197645e-02
4.232240e-02
4.394293e-02
4.236722e-02
4.232359e-02
4.235744e-02
4.230666e-02
4.213262e-02
4.237795e-02
4.253626e-02
4.213715e-02
4.279542e-02
4.212499e-02
4.217076e-02
4.206562e-02
4.236054e-02
4.210091e-02
4.207325e-02
4.210210e-02
4.223752e-02
4.217386e-02
4.108477e-02
4.196858e-02
4.225969e-02
4.222941e-02
4.206252e-02
4.205227e-02
4.236245e-02
4.211092e-02
4.198670e-02
4.231572e-02
4.220462e-02
4.214549e-02
4.207945e-02
4.196405e-02
4.210091e-02
4.243612e-02
4.253078e-02
4.239750e-02
4.236507e-02
4.218841e-02
4.225039e-02
4.216003e-02
4.253769e-02
4.238868e-02
4.131293e-02
4.244757e-02
4.101181e-02
4.218721e-02
4.249310e-02
4.193878e-02
4.256821e-02
4.254651e-02
4.226279e-02
4.228902e-02
4.228377e-02
4.091811e-02
4.212117e-02
4.249811e-02
4.237890e-02
4.080629e-02
4.245591e-02
4.216909e-02
4.236364e-02
4.104209e-02
4.130816e-02
4.208827e-02
4.211879e-02
4.218578e-02
4.215288e-02
4.203439e-02
4.147434e-02
4.348826e-02
4.236531e-02
4.220152e-02
4.216361e-02
4.211783e-02
4.213905e-02
4.210901e-02
4.225612e-02
4.234052e-02
4.231763e-02
4.217410e-02
4.207921e-02
4.122996e-02
4.223680e-02
4.212260e-02
4.239130e-02
4.221845e-02
4.224992e-02
4.287338e-02
4.229856e-02
4.205465e-02
4.203010e-02
4.248452e-02
4.220676e-02
4.229450e-02
4.229546e-02
4.229999e-02
4.214096e-02
4.232168e-02
4.206371e-02
4.207325e-02
4.216719e-02
4.197693e-02
4.223537e-02
4.220271e-02
4.192638e-02
4.243350e-02
4.128408e-02
4.227686e-02
4.230952e-02
4.233050e-02
4.240012e-02
4.221940e-02
4.224372e-02
4.194427e-02
4.219246e-02
4.246068e-02
4.236889e-02
4.231143e-02
4.216838e-02
4.228330e-02
4.238987e-02
4.215407e-02
4.207039e-02
4.230428e-02
4.244876e-02
4.216766e-02
4.214430e-02
4.222798e-02
4.226208e-02
4.223657e-02
4.198742e-02
4.214334e-02
4.227257e-02
4.207420e-02
4.195642e-02
4.221320e-02
4.215622e-02
4.214430e-02
4.185510e-02
4.450750e-02
4.219532e-02
5.243778e-02
4.256749e-02
4.370737e-02
4.606771e-02
4.200983e-02
4.207039e-02
4.199791e-02
4.188824e-02
4.219127e-02
4.209495e-02
4.235435e-02
4.231453e-02
4.237437e-02
4.232812e-02
4.195309e-02
4.237294e-02
4.181266e-02
4.202461e-02
4.231691e-02
4.225826e-02
4.198694e-02
4.198432e-02
4.125476e-02
4.194522e-02
4.223323e-02
4.203534e-02
4.241323e-02
4.221058e-02
4.214787e-02
4.205465e-02
4.188561e-02
4.227042e-02
4.222536e-02
4.210973e-02
4.248166e-02
4.072261e-02
4.243565e-02
4.244471e-02
4.239273e-02
4.257250e-02
4.109287e-02
4.233766e-02
4.181671e-02
4.051661e-02
4.241180e-02
4.426432e-02
4.217005e-02
4.220581e-02
4.236627e-02
4.213595e-02
4.216814e-02
4.207397e-02
4.228568e-02
4.119205e-02
4.380941e-02
4.218102e-02
4.224014e-02
4.225826e-02
4.103708e-02
4.110098e-02
4.222155e-02
4.220843e-02
4.280210e-02
4.120421e-02
4.250455e-02
4.224753e-02
4.262304e-02
4.217219e-02
4.127574e-02
4.220271e-02
4.227638e-02
4.227567e-02
4.234314e-02
4.221988e-02
4.210806e-02
4.106927e-02
4.238296e-02
4.229498e-02
4.332805e-02
4.206276e-02
4.211140e-02
4.211664e-02
4.246330e-02
4.197240e-02
4.229808e-02
4.207516e-02
4.224038e-02
4.218221e-02
4.231858e-02
4.230642e-02
4.244399e-02
4.234457e-02
4.219198e-02
4.237723e-02
4.205585e-02
4.239535e-02
4.203367e-02
4.216766e-02
4.197168e-02
4.284406e-02
4.669952e-02
4.306626e-02
4.122686e-02
4.184794e-02
4.234815e-02
4.126287e-02
4.222846e-02
4.212666e-02
4.254127e-02
4.212213e-02
4.217863e-02
4.637265e-02
4.225254e-02
4.417992e-02
4.232240e-02
4.119563e-02
4.227638e-02
4.518247e-02
4.235625e-02
4.237342e-02
4.192209e-02
4.234195e-02
4.221058e-02
4.189324e-02
4.199100e-02
4.198337e-02
4.195857e-02
4.109740e-02
4.235506e-02
4.216981e-02
4.217386e-02
4.109144e-02
4.235268e-02
4.233694e-02
4.211950e-02
4.190564e-02
4.216266e-02
4.246497e-02
4.152822e-02
4.226279e-02
4.232359e-02
4.224420e-02
4.211497e-02
4.105663e-02
4.197431e-02
4.217672e-02
4.211307e-02
4.219127e-02
4.205704e-02
4.245901e-02
4.222035e-02
4.236770e-02
4.242682e-02
4.238892e-02
4.245424e-02
4.227543e-02
4.216266e-02
4.210496e-02
4.202819e-02
4.208946e-02
4.258251e-02
4.129505e-02
4.218221e-02
4.214454e-02
4.239082e-02
4.220653e-02
4.233384e-02
4.208589e-02
4.247069e-02
4.241800e-02
4.244184e-02
4.235744e-02
4.258180e-02
4.240131e-02
4.318166e-02
4.230404e-02
4.258847e-02
4.210877e-02
4.232621e-02
4.231381e-02
4.107141e-02
4.230332e-02
4.233646e-02
4.236841e-02
4.232550e-02
4.246330e-02
4.205298e-02
4.212356e-02
4.243445e-02
4.224730e-02
4.151034e-02
4.234719e-02
4.213262e-02
4.128885e-02
4.263616e-02
4.130077e-02
4.233313e-02
4.130507e-02
4.222035e-02
4.128408e-02
4.216981e-02
4.218221e-02
4.214764e-02
4.230595e-02
4.214025e-02
4.211879e-02
4.213500e-02
4.221320e-02
4.189324e-02
4.214144e-02
4.226780e-02
4.219651e-02
4.233694e-02
4.217958e-02
4.212785e-02
4.239559e-02
4.223228e-02
4.221344e-02
4.226017e-02
4.219723e-02
4.187608e-02
4.240131e-02
4.223251e-02
4.236746e-02
4.201770e-02
4.211164e-02
4.246140e-02
4.134893e-02
4.235768e-02
4.213810e-02
4.210734e-02
4.231858e-02
4.224753e-02
4.245758e-02
4.258513e-02
4.239321e-02
4.210114e-02
4.212070e-02
4.198170e-02
4.210758e-02
4.207039e-02
4.231524e-02
4.239821e-02
4.241586e-02
4.218316e-02
4.248261e-02
4.217196e-02
4.229736e-02
4.206634e-02
4.252005e-02
4.252958e-02
4.204154e-02
4.244924e-02
4.127455e-02
4.206753e-02
4.236603e-02
4.216599e-02
4.228115e-02
4.221010e-02
4.237866e-02
4.217553e-02
4.228449e-02
4.230666e-02
4.208684e-02
4.237771e-02
4.134989e-02
4.244232e-02
4.211712e-02
4.106498e-02
4.194140e-02
4.215050e-02
4.224944e-02
4.109526e-02
4.204488e-02
4.239941e-02
4.230499e-02
4.195166e-02
4.220343e-02
4.216480e-02
4.232907e-02
4.214048e-02
4.197931e-02
4.186463e-02
4.215622e-02
4.117036e-02
4.239249e-02
4.130983e-02
4.230738e-02
4.211760e-02
4.211330e-02
4.216218e-02
4.196262e-02
4.242492e-02
4.214764e-02
4.221630e-02
4.216695e-02
4.227710e-02
4.233456e-02
4.210997e-02
4.229188e-02
4.217172e-02
4.192138e-02
4.240608e-02
4.234266e-02
4.236174e-02
4.236102e-02
4.112649e-02
4.231143e-02
4.213524e-02
4.207015e-02
4.206944e-02
4.196095e-02
4.235029e-02
4.218411e-02
4.216814e-02
4.209971e-02
4.218149e-02
4.253316e-02
4.248929e-02
4.235744e-02
4.247451e-02
4.213405e-02
4.129291e-02
4.210949e-02
4.234672e-02
4.236102e-02
4.230428e-02
4.199862e-02
4.197192e-02
4.237151e-02
4.209757e-02
4.215717e-02
4.233170e-02
4.211450e-02
4.235911e-02
4.240966e-02
4.237461e-02
4.213452e-02
4.229093e-02
4.236794e-02
4.209423e-02
4.219460e-02
4.251313e-02
4.129982e-02
4.207587e-02
4.207659e-02
4.218745e-02
4.236245e-02
4.244995e-02
4.191589e-02
4.244757e-02
4.207301e-02
4.255581e-02
4.243684e-02
4.226756e-02
4.210424e-02
4.227138e-02
4.217482e-02
4.228544e-02
4.236579e-02
4.234862e-02
4.232860e-02
4.212189e-02
4.215217e-02
4.225612e-02
4.249001e-02
4.145527e-02
4.219055e-02
4.262114e-02
4.199743e-02
4.109311e-02
4.232812e-02
4.245329e-02
4.241776e-02
4.239964e-02
4.214239e-02
4.208159e-02
4.227018e-02
4.194212e-02
4.138780e-02
4.218817e-02
4.110932e-02
4.229212e-02
4.236364e-02
4.226255e-02
4.239988e-02
4.203725e-02
4.205823e-02
4.224467e-02
4.233980e-02
4.213667e-02
4.242063e-02
4.232812e-02
4.237175e-02
4.230976e-02
4.129672e-02
4.210424e-02
4.210973e-02
4.233265e-02
4.236937e-02
4.204178e-02
4.250479e-02
4.202890e-02
4.235792e-02
4.218197e-02
4.223585e-02
4.216290e-02
4.218698e-02
4.227281e-02
4.233027e-02
4.251266e-02
4.235768e-02
4.253316e-02
4.226732e-02
4.208422e-02
4.222608e-02
4.260373e-02
4.249907e-02
4.217386e-02
4.232621e-02
4.242992e-02
4.209256e-02
4.234481e-02
4.211044e-02
4.240370e-02
4.224348e-02
4.237008e-02
4.220581e-02
4.104638e-02
4.097104e-02
4.229069e-02
4.264092e-02
4.247451e-02
4.217863e-02
4.251862e-02
4.241753e-02
4.204559e-02
4.233098e-02
4.216218e-02
4.220963e-02
4.232240e-02
4.231119e-02
4.215074e-02
4.217219e-02
4.133081e-02
4.235935e-02
4.199839e-02
4.195189e-02
4.262400e-02
4.214168e-02
4.226446e-02
4.237437e-02
4.246163e-02
4.248166e-02
4.216552e-02
4.233646e-02
4.224730e-02
4.109621e-02
4.218817e-02
4.216242e-02
4.195476e-02
4.209399e-02
4.227567e-02
4.215598e-02
4.229665e-02
4.218102e-02
4.219127e-02
4.246736e-02
4.257512e-02
4.237652e-02
4.222345e-02
4.241085e-02
4.241133e-02
4.221821e-02
4.212880e-02
4.219675e-02
4.214144e-02
4.217529e-02
4.232597e-02
4.235363e-02
4.237413e-02
4.217768e-02
4.225540e-02
4.138613e-02
4.224372e-02
4.220605e-02
4.198527e-02
4.213262e-02
4.223228e-02
4.238939e-02
4.130721e-02
4.221010e-02
4.236388e-02
4.215932e-02
4.214287e-02
4.131246e-02
4.229045e-02
4.215813e-02
4.232717e-02
4.215789e-02
4.254556e-02
4.235959e-02
4.206848e-02
4.232526e-02
4.200888e-02
4.244280e-02
4.225874e-02
4.241991e-02
4.227257e-02
4.230881e-02
4.121280e-02
4.208255e-02
4.237103e-02
4.230285e-02
4.205346e-02
4.220676e-02
4.227233e-02
4.248261e-02
4.227209e-02
4.207277e-02
4.239082e-02
4.138756e-02
4.225111e-02
4.232669e-02
4.268241e-02
4.235935e-02
4.224563e-02
4.231405e-02
4.246378e-02
4.233623e-02
4.241467e-02
4.217052e-02
4.133224e-02
4.220533e-02
4.225349e-02
4.219174e-02
4.189229e-02
4.233551e-02
4.210949e-02
4.245329e-02
4.225135e-02
4.202080e-02
4.219508e-02
4.215336e-02
4.208636e-02
4.236341e-02
4.215026e-02
4.211879e-02
4.220390e-02
4.219580e-02
4.248524e-02
4.222679e-02
4.186296e-02
4.232407e-02
4.187489e-02
4.153824e-02
4.196429e-02
4.147506e-02
4.212570e-02
4.241180e-02
4.238176e-02
4.214358e-02
4.201007e-02
4.223514e-02
4.215717e-02
4.251790e-02
4.220510e-02
4.227304e-02
4.219270e-02
4.208255e-02
4.230499e-02
4.226685e-02
4.234505e-02
4.206395e-02
4.242039e-02
4.179955e-02
4.227304e-02
4.249144e-02
4.237771e-02
4.206610e-02
4.214311e-02
4.190636e-02
4.096675e-02
4.231429e-02
4.223704e-02
4.209805e-02
4.240394e-02
4.253292e-02
4.235411e-02
4.121208e-02
4.195285e-02
4.229045e-02
4.199743e-02
4.249525e-02
4.214692e-02
4.216003e-02
4.131413e-02
4.231215e-02
4.208398e-02
4.232454e-02
4.250121e-02
4.232669e-02
4.232168e-02
4.233813e-02
4.230833e-02
4.225659e-02
4.215360e-02
4.234958e-02
4.150295e-02
4.245853e-02
4.243779e-02
4.215622e-02
4.235148e-02
4.238796e-02
4.109192e-02
4.221916e-02
4.209995e-02
4.113913e-02
4.234648e-02
4.210067e-02
4.126644e-02
4.243207e-02
4.236865e-02
4.217434e-02
4.200792e-02
4.240060e-02
4.230189e-02
4.199290e-02
4.237533e-02
4.220414e-02
4.227757e-02
4.237485e-02
4.203796e-02
4.181266e-02
4.214716e-02
4.218340e-02
4.254699e-02
4.207397e-02
4.230070e-02
4.235721e-02
4.214025e-02
4.259276e-02
4.224682e-02
4.109550e-02
4.232192e-02
4.232192e-02
4.356480e-02
4.225874e-02
4.184246e-02
4.230452e-02
4.203415e-02
4.134345e-02
4.214644e-02
4.206300e-02
4.222059e-02
4.237509e-02
4.236889e-02
4.229212e-02
4.228187e-02
4.219055e-02
4.246974e-02
4.234576e-02
4.239178e-02
4.213786e-02
4.250956e-02
4.271245e-02
4.218745e-02
4.212976e-02
4.234719e-02
4.218602e-02
4.232311e-02
4.093218e-02
4.209495e-02
4.237986e-02
4.209876e-02
4.220438e-02
4.204202e-02
4.184556e-02
4.211521e-02
4.231691e-02
4.212356e-02
4.075265e-02
4.231977e-02
4.208684e-02
4.210973e-02
4.243279e-02
4.236245e-02
4.212761e-02
4.240465e-02
4.241824e-02
4.231048e-02
4.111195e-02
4.252481e-02
4.221344e-02
4.224348e-02
4.232574e-02
4.235172e-02
4.244900e-02
