7.319927e-03
6.263494e-03
6.121159e-03
6.153107e-03
6.193161e-03
6.105185e-03
6.403685e-03
6.556273e-03
6.538630e-03
6.521463e-03
6.623983e-03
7.022381e-03
7.064104e-03
7.060528e-03
7.030010e-03
6.852627e-03
7.042408e-03
6.922960e-03
7.074594e-03
7.096767e-03
6.994486e-03
6.817341e-03
7.049084e-03
7.107019e-03
6.821632e-03
6.987333e-03
7.295132e-03
6.863117e-03
6.824732e-03
6.852627e-03
7.115364e-03
6.876945e-03
6.999493e-03
7.122278e-03
6.853342e-03
6.891012e-03
6.817102e-03
7.182121e-03
6.812572e-03
6.963968e-03
7.100582e-03
6.823778e-03
7.067204e-03
7.005453e-03
6.991148e-03
6.973028e-03
6.888151e-03
7.036924e-03
6.784678e-03
6.790876e-03
6.869078e-03
6.852388e-03
6.864071e-03
6.837130e-03
7.031918e-03
6.834269e-03
7.007837e-03
7.102489e-03
6.836176e-03
7.019043e-03
6.888151e-03
6.880283e-03
7.109404e-03
6.817579e-03
6.870985e-03
7.143021e-03
7.303476e-03
6.833076e-03
6.866455e-03
6.985664e-03
6.836891e-03
7.266998e-03
6.821632e-03
7.225275e-03
6.784201e-03
7.202387e-03
6.982565e-03
6.828785e-03
6.815672e-03
7.014036e-03
7.108927e-03
6.791115e-03
6.866932e-03
7.025480e-03
6.997347e-03
7.080793e-03
6.861448e-03
7.117271e-03
6.825447e-03
6.794691e-03
7.000208e-03
7.123232e-03
6.887674e-03
6.860256e-03
6.972313e-03
7.005215e-03
6.993294e-03
7.009029e-03
6.979227e-03
7.113695e-03
7.267475e-03
6.993294e-03
6.767988e-03
6.997585e-03
6.834745e-03
6.955385e-03
6.952286e-03
6.845474e-03
6.862402e-03
6.987572e-03
7.014275e-03
6.833315e-03
6.855249e-03
7.077456e-03
6.974459e-03
6.990194e-03
6.773710e-03
6.861210e-03
7.109880e-03
7.051468e-03
6.853342e-03
6.818056e-03
6.699800e-03
6.973267e-03
6.675959e-03
6.696701e-03
6.714106e-03
6.666660e-03
6.963730e-03
6.896496e-03
6.720781e-03
6.720543e-03
5.612612e-03
6.925821e-03
7.110834e-03
6.863356e-03
6.675482e-03
6.914616e-03
6.773472e-03
6.989479e-03
6.816149e-03
6.715775e-03
6.771803e-03
6.958485e-03
6.668091e-03
6.971836e-03
6.902218e-03
6.751060e-03
6.773233e-03
6.783962e-03
6.683111e-03
6.873608e-03
6.900311e-03
6.710768e-03
6.697893e-03
6.711721e-03
6.699085e-03
6.981134e-03
6.684303e-03
6.742001e-03
6.691217e-03
6.670237e-03
6.854296e-03
6.732702e-03
6.792068e-03
6.752968e-03
6.764889e-03
6.780863e-03
6.946564e-03
6.762743e-03
6.927490e-03
6.750345e-03
6.828547e-03
6.743908e-03
6.747961e-03
6.944418e-03
6.751299e-03
6.821871e-03
6.902933e-03
6.933451e-03
7.005692e-03
6.886959e-03
6.873131e-03
6.870270e-03
7.004023e-03
7.007360e-03
6.827116e-03
7.178545e-03
6.836891e-03
6.761551e-03
7.080555e-03
7.061481e-03
6.735325e-03
6.774664e-03
6.844997e-03
6.715059e-03
6.689072e-03
6.872654e-03
6.710529e-03
6.704807e-03
7.009029e-03
6.857395e-03
6.850243e-03
6.766796e-03
6.728649e-03
7.075071e-03
6.715298e-03
6.694078e-03
6.688118e-03
6.776810e-03
6.915808e-03
6.787300e-03
6.793737e-03
6.955624e-03
6.775856e-03
6.963015e-03
6.880760e-03
6.808519e-03
6.750345e-03
6.925344e-03
6.980419e-03
7.168293e-03
6.879807e-03
6.742239e-03
6.888628e-03
6.863832e-03
6.863594e-03
7.038832e-03
7.009506e-03
6.895304e-03
6.841898e-03
7.029772e-03
7.184982e-03
7.176399e-03
7.057190e-03
6.778479e-03
6.871223e-03
7.153988e-03
6.887913e-03
7.026196e-03
7.169485e-03
6.872654e-03
7.154942e-03
6.993771e-03
7.099390e-03
6.757021e-03
6.731749e-03
6.913900e-03
6.956577e-03
6.799459e-03
6.877661e-03
6.736755e-03
6.938934e-03
6.745338e-03
6.804705e-03
6.767273e-03
6.730556e-03
6.998301e-03
6.906986e-03
7.386208e-03
6.857157e-03
6.877899e-03
6.769180e-03
6.786346e-03
6.782055e-03
6.934881e-03
6.776333e-03
6.769419e-03
6.835461e-03
6.763697e-03
6.935596e-03
6.976128e-03
6.789207e-03
6.767750e-03
6.983519e-03
6.913185e-03
6.957531e-03
6.836653e-03
6.747246e-03
6.750822e-03
6.908894e-03
6.845236e-03
6.799698e-03
6.797552e-03
6.783724e-03
6.735563e-03
6.780624e-03
7.058144e-03
6.756306e-03
6.781340e-03
6.756544e-03
7.107496e-03
6.763935e-03
6.716728e-03
6.818771e-03
6.811142e-03
6.958008e-03
6.737947e-03
6.772757e-03
6.949902e-03
7.149458e-03
6.917953e-03
6.814718e-03
6.951094e-03
6.947517e-03
6.810427e-03
6.786108e-03
6.780624e-03
6.886959e-03
7.023096e-03
6.912231e-03
6.728649e-03
6.751299e-03
6.821871e-03
6.757498e-03
7.025480e-03
7.081270e-03
7.061958e-03
6.980181e-03
6.961823e-03
6.724119e-03
6.822824e-03
6.889343e-03
6.985188e-03
6.919146e-03
6.705999e-03
6.978512e-03
7.180214e-03
7.162809e-03
7.086992e-03
6.754875e-03
6.752491e-03
6.891966e-03
6.749392e-03
6.908417e-03
6.928205e-03
6.725550e-03
7.119417e-03
6.856918e-03
7.334948e-03
7.117033e-03
6.771803e-03
7.231474e-03
6.911993e-03
6.908417e-03
6.735802e-03
7.147074e-03
6.963968e-03
7.092714e-03
6.985426e-03
7.010698e-03
7.077932e-03
6.989956e-03
6.827831e-03
6.822824e-03
6.752253e-03
6.755352e-03
6.977797e-03
6.927490e-03
6.885290e-03
6.917953e-03
7.077456e-03
6.823301e-03
6.871223e-03
6.972790e-03
7.109642e-03
6.859064e-03
7.179022e-03
6.841898e-03
6.873369e-03
7.202625e-03
6.838799e-03
6.872416e-03
6.874561e-03
6.858587e-03
6.879568e-03
7.051468e-03
7.151365e-03
7.101536e-03
6.839275e-03
7.196188e-03
7.216215e-03
7.051229e-03
6.909609e-03
7.004499e-03
6.855726e-03
6.914616e-03
6.918669e-03
6.850719e-03
7.009506e-03
6.848097e-03
6.880522e-03
6.850958e-03
6.845713e-03
7.023335e-03
7.212639e-03
6.970882e-03
7.096767e-03
7.065535e-03
7.023096e-03
6.853580e-03
6.875992e-03
7.025957e-03
7.191181e-03
6.834507e-03
6.862879e-03
7.221699e-03
6.775141e-03
7.139444e-03
6.799698e-03
7.063866e-03
6.793022e-03
7.004738e-03
6.825209e-03
7.021427e-03
6.840467e-03
7.013083e-03
6.817341e-03
6.755829e-03
6.839991e-03
6.747007e-03
7.285118e-03
7.114172e-03
7.315874e-03
7.321119e-03
6.856203e-03
7.194996e-03
6.863832e-03
7.010221e-03
7.156849e-03
6.896257e-03
7.085323e-03
7.004976e-03
6.898403e-03
7.011890e-03
6.841421e-03
6.863356e-03
7.137060e-03
6.869316e-03
6.892681e-03
6.828070e-03
6.870270e-03
7.000685e-03
6.824732e-03
6.981611e-03
7.151127e-03
7.233858e-03
6.794930e-03
6.823063e-03
7.139921e-03
6.794214e-03
6.829262e-03
7.008076e-03
6.779671e-03
6.833315e-03
7.111788e-03
7.025003e-03
6.809235e-03
6.841898e-03
6.980658e-03
6.921291e-03
7.004738e-03
7.012367e-03
6.816149e-03
6.919146e-03
6.664991e-03
6.906986e-03
7.226467e-03
6.929874e-03
6.718636e-03
6.839275e-03
7.069349e-03
6.873131e-03
6.689787e-03
6.745100e-03
6.928682e-03
6.821394e-03
6.791353e-03
6.897211e-03
6.694317e-03
6.893158e-03
6.745815e-03
6.822586e-03
6.865740e-03
6.876707e-03
7.115602e-03
7.022381e-03
6.859064e-03
6.841183e-03
6.883383e-03
7.030010e-03
7.192612e-03
6.844521e-03
7.125139e-03
7.273197e-03
6.791353e-03
7.097244e-03
7.226706e-03
6.902218e-03
6.723404e-03
6.896734e-03
6.779194e-03
6.748438e-03
6.762266e-03
6.955147e-03
6.850004e-03
6.936312e-03
6.733894e-03
6.732702e-03
6.990433e-03
6.880760e-03
6.733179e-03
6.855249e-03
6.773949e-03
6.727219e-03
6.928205e-03
6.908178e-03
6.736040e-03
6.998777e-03
6.915331e-03
6.813526e-03
6.860256e-03
6.752014e-03
6.747246e-03
6.967068e-03
6.893635e-03
6.873846e-03
6.953239e-03
6.897926e-03
6.790876e-03
6.722927e-03
6.741762e-03
6.722689e-03
6.886959e-03
6.744623e-03
6.684780e-03
6.785393e-03
6.807804e-03
6.716251e-03
7.009506e-03
6.885529e-03
6.824017e-03
6.750107e-03
6.915092e-03
6.764412e-03
6.834507e-03
6.988287e-03
6.899357e-03
6.722927e-03
6.788731e-03
6.899595e-03
6.751299e-03
6.993532e-03
6.936550e-03
6.911516e-03
6.959200e-03
7.053375e-03
6.807804e-03
6.945610e-03
6.929874e-03
6.767273e-03
6.722450e-03
6.916761e-03
6.757736e-03
7.049799e-03
6.741047e-03
6.825447e-03
6.938934e-03
6.894350e-03
6.931067e-03
6.999493e-03
6.779671e-03
6.953716e-03
6.869316e-03
6.739378e-03
6.806850e-03
7.220507e-03
6.952047e-03
6.865501e-03
6.714821e-03
6.729841e-03
7.027626e-03
6.947041e-03
6.931782e-03
6.751299e-03
6.725311e-03
6.992102e-03
6.768942e-03
6.968737e-03
6.921530e-03
6.915808e-03
6.950617e-03
6.745577e-03
6.788492e-03
6.948709e-03
6.986618e-03
6.739140e-03
6.749630e-03
6.767511e-03
6.878614e-03
6.990194e-03
7.120848e-03
6.871700e-03
6.830931e-03
6.995440e-03
6.995440e-03
6.860971e-03
7.048130e-03
7.054090e-03
6.831884e-03
7.000446e-03
6.823301e-03
6.871462e-03
7.121325e-03
6.997108e-03
7.003546e-03
6.855965e-03
6.998777e-03
7.114410e-03
6.890059e-03
6.999493e-03
7.266998e-03
6.843805e-03
7.015467e-03
7.049799e-03
7.004261e-03
7.178307e-03
7.110834e-03
7.343054e-03
7.008076e-03
7.032871e-03
6.875277e-03
7.049799e-03
6.846189e-03
7.015705e-03
6.849051e-03
6.891012e-03
7.126331e-03
6.886244e-03
6.836414e-03
7.143497e-03
6.801128e-03
6.829262e-03
6.770134e-03
6.999731e-03
6.819725e-03
7.013321e-03
6.824970e-03
6.795883e-03
7.206917e-03
6.791830e-03
6.835222e-03
6.882668e-03
6.844044e-03
6.754160e-03
7.008076e-03
6.979942e-03
6.874561e-03
6.860256e-03
6.874323e-03
7.016659e-03
7.106781e-03
7.061958e-03
6.927013e-03
7.037401e-03
6.871939e-03
6.901264e-03
6.858349e-03
7.052422e-03
6.859541e-03
7.008314e-03
6.877184e-03
7.048607e-03
6.834269e-03
7.015944e-03
6.865978e-03
7.044554e-03
7.071733e-03
7.009745e-03
6.823063e-03
7.012367e-03
6.861210e-03
6.899357e-03
6.875515e-03
6.769180e-03
6.964922e-03
6.830692e-03
7.035255e-03
6.648779e-03
6.881952e-03
7.148504e-03
6.751299e-03
6.825447e-03
6.963730e-03
6.944656e-03
6.900072e-03
7.103443e-03
6.903410e-03
6.780624e-03
6.711483e-03
6.899357e-03
6.879330e-03
7.015228e-03
6.879568e-03
6.983042e-03
6.808758e-03
7.218599e-03
6.997824e-03
6.836414e-03
6.866932e-03
6.850004e-03
6.869316e-03
6.879330e-03
6.855726e-03
7.086277e-03
7.234097e-03
6.850243e-03
6.827354e-03
6.950617e-03
6.746292e-03
6.707430e-03
6.689310e-03
6.720304e-03
6.935120e-03
6.982803e-03
6.977320e-03
6.891966e-03
7.536411e-03
6.758928e-03
6.512165e-03
6.857395e-03
6.894827e-03
6.835938e-03
6.715298e-03
7.051706e-03
7.081747e-03
7.043362e-03
7.054329e-03
6.968021e-03
6.743908e-03
6.717682e-03
7.101774e-03
6.797791e-03
6.905079e-03
6.740570e-03
6.748676e-03
6.765366e-03
6.749392e-03
6.790638e-03
6.757736e-03
6.756544e-03
6.950140e-03
6.690502e-03
6.700754e-03
6.940126e-03
6.720781e-03
6.779671e-03
6.725073e-03
6.785631e-03
6.925344e-03
6.834507e-03
6.814241e-03
6.981611e-03
6.945848e-03
7.062674e-03
6.731749e-03
6.904125e-03
6.822109e-03
6.904364e-03
6.790161e-03
6.811142e-03
6.796122e-03
7.071018e-03
6.731033e-03
6.909847e-03
6.747723e-03
6.785393e-03
6.930351e-03
6.817818e-03
6.725311e-03
6.788254e-03
6.923914e-03
7.083654e-03
6.712914e-03
7.062674e-03
6.734133e-03
6.732941e-03
6.999493e-03
6.813526e-03
6.723404e-03
6.786108e-03
6.890059e-03
6.708860e-03
7.158279e-03
6.986856e-03
6.720543e-03
6.761551e-03
6.901503e-03
6.718397e-03
6.762981e-03
6.820440e-03
7.075548e-03
8.510113e-03
7.302761e-03
7.024527e-03
6.844044e-03
6.863117e-03
6.862402e-03
6.838560e-03
6.839514e-03
7.109165e-03
6.822109e-03
7.211924e-03
6.799936e-03
7.320642e-03
6.995678e-03
7.030725e-03
6.897926e-03
7.019758e-03
7.119417e-03
6.849527e-03
6.875753e-03
6.826878e-03
6.973028e-03
6.821156e-03
8.311749e-03
6.824493e-03
6.833553e-03
6.992102e-03
6.771326e-03
6.827116e-03
7.078409e-03
6.987095e-03
6.796360e-03
7.003307e-03
6.949902e-03
6.874800e-03
6.702423e-03
6.733894e-03
6.748915e-03
6.770134e-03
6.724834e-03
6.894112e-03
6.814480e-03
6.772995e-03
6.817102e-03
6.746292e-03
6.723642e-03
6.703138e-03
6.886959e-03
6.682158e-03
6.886005e-03
6.739616e-03
6.749392e-03
6.738663e-03
6.990433e-03
6.741762e-03
6.915092e-03
6.690979e-03
6.881475e-03
6.772041e-03
7.157326e-03
7.019997e-03
7.046223e-03
6.689072e-03
6.948709e-03
6.961823e-03
6.674051e-03
7.763624e-03
7.197857e-03
7.005215e-03
7.071972e-03
6.867886e-03
6.722927e-03
6.707430e-03
6.834507e-03
6.708860e-03
6.684065e-03
6.749868e-03
6.794930e-03
6.780148e-03
6.720066e-03
6.684065e-03
6.754875e-03
6.654263e-03
6.867647e-03
6.870508e-03
6.950140e-03
6.763935e-03
6.958008e-03
6.737947e-03
6.800890e-03
7.035971e-03
6.746054e-03
6.843328e-03
7.017612e-03
7.088423e-03
6.848574e-03
6.776810e-03
6.834984e-03
6.729126e-03
6.707191e-03
6.664276e-03
6.801367e-03
7.207632e-03
6.820917e-03
1.120901e-02
6.839037e-03
6.931067e-03
6.750107e-03
6.778479e-03
7.177114e-03
6.963491e-03
6.764412e-03
6.839514e-03
6.734133e-03
7.021904e-03
6.967068e-03
6.787062e-03
6.741524e-03
6.689548e-03
6.908894e-03
6.882668e-03
7.083416e-03
6.931305e-03
6.779194e-03
6.970406e-03
6.887674e-03
6.934404e-03
7.107973e-03
6.715775e-03
6.914377e-03
6.988525e-03
6.728172e-03
6.962776e-03
6.775856e-03
6.771803e-03
6.689548e-03
6.878376e-03
7.116318e-03
6.873846e-03
7.198095e-03
6.862640e-03
6.871700e-03
6.996393e-03
6.815672e-03
7.005692e-03
6.900549e-03
7.013321e-03
6.990194e-03
7.180452e-03
6.986856e-03
6.843090e-03
7.091761e-03
6.841183e-03
6.840467e-03
7.188559e-03
7.046938e-03
6.804228e-03
6.636858e-03
6.714582e-03
6.940365e-03
7.101297e-03
7.020473e-03
6.949902e-03
7.235527e-03
6.893396e-03
6.785870e-03
6.928682e-03
7.150650e-03
6.873608e-03
6.733656e-03
6.749153e-03
6.773233e-03
6.785870e-03
6.750107e-03
6.754637e-03
6.753922e-03
7.008791e-03
6.955624e-03
7.124186e-03
7.075310e-03
6.763935e-03
6.902218e-03
6.719112e-03
6.895781e-03
6.898165e-03
6.781340e-03
6.898403e-03
6.726503e-03
6.732464e-03
6.765127e-03
6.890535e-03
6.792307e-03
6.958723e-03
6.937742e-03
6.755352e-03
6.930113e-03
6.877422e-03
6.717205e-03
