8.163238e-02
8.135486e-02
8.047247e-02
8.085918e-02
8.152080e-02
8.175874e-02
8.089900e-02
8.163571e-02
8.084059e-02
8.057427e-02
8.052468e-02
8.070230e-02
8.201098e-02
8.069634e-02
8.067083e-02
8.148289e-02
8.165574e-02
8.169627e-02
8.051777e-02
8.172607e-02
8.168554e-02
8.104086e-02
8.145452e-02
8.118844e-02
8.069134e-02
8.179522e-02
8.072329e-02
8.172512e-02
8.160067e-02
8.081174e-02
8.184457e-02
8.042717e-02
8.037877e-02
8.127022e-02
8.046627e-02
8.125925e-02
8.031034e-02
8.138275e-02
8.053565e-02
8.047175e-02
8.160877e-02
8.153176e-02
8.019090e-02
8.049011e-02
8.138227e-02
8.051682e-02
8.159637e-02
8.054447e-02
8.172536e-02
8.157039e-02
8.061862e-02
8.038330e-02
8.026576e-02
8.034182e-02
8.030772e-02
8.147740e-02
8.136272e-02
8.151174e-02
8.149910e-02
8.042026e-02
8.050489e-02
8.158278e-02
8.140945e-02
8.177066e-02
8.133101e-02
8.075309e-02
8.170033e-02
8.042169e-02
8.018613e-02
8.044028e-02
8.041430e-02
8.033895e-02
8.068657e-02
8.015561e-02
8.055115e-02
8.119822e-02
8.146000e-02
8.111715e-02
8.153701e-02
8.045554e-02
8.152938e-02
8.013296e-02
8.110046e-02
8.149052e-02
8.138156e-02
8.047748e-02
8.117151e-02
8.051133e-02
8.045697e-02
8.135223e-02
8.048201e-02
8.011746e-02
8.041525e-02
8.044553e-02
8.028626e-02
8.046842e-02
8.139300e-02
8.053279e-02
8.042026e-02
8.146214e-02
8.030677e-02
8.037305e-02
8.026099e-02
8.135557e-02
8.052564e-02
8.147407e-02
8.042264e-02
8.024883e-02
8.040547e-02
8.046079e-02
8.055568e-02
8.043528e-02
8.064938e-02
8.136344e-02
8.156276e-02
8.147097e-02
8.136725e-02
8.136535e-02
8.048058e-02
8.140349e-02
8.054161e-02
8.037043e-02
8.153462e-02
8.045411e-02
8.149505e-02
8.210182e-02
8.134341e-02
8.139157e-02
8.038974e-02
8.138061e-02
8.043170e-02
8.065796e-02
8.152151e-02
8.055162e-02
8.057618e-02
8.158779e-02
8.035517e-02
8.019400e-02
8.046222e-02
8.122969e-02
8.149886e-02
8.124948e-02
8.029509e-02
8.020353e-02
8.063507e-02
8.073521e-02
8.045912e-02
8.172512e-02
8.139467e-02
8.181286e-02
8.051348e-02
8.126307e-02
8.127308e-02
8.154535e-02
8.161163e-02
8.045816e-02
8.030558e-02
8.150768e-02
8.070755e-02
8.035445e-02
8.124638e-02
8.173776e-02
8.050203e-02
8.134770e-02
8.051324e-02
8.052850e-02
8.143735e-02
8.036089e-02
8.140349e-02
8.016181e-02
8.124733e-02
8.005428e-02
8.148503e-02
8.053780e-02
8.154011e-02
8.012986e-02
8.060050e-02
8.046746e-02
8.072853e-02
8.035970e-02
8.038712e-02
8.044815e-02
8.146739e-02
8.059144e-02
8.063912e-02
8.067083e-02
8.021092e-02
8.139420e-02
8.146429e-02
8.034921e-02
8.046865e-02
8.291507e-02
8.137178e-02
8.032036e-02
8.148313e-02
8.060336e-02
8.160162e-02
8.145618e-02
8.053303e-02
8.057761e-02
8.046174e-02
8.048368e-02
8.052278e-02
8.133650e-02
8.038497e-02
8.040857e-02
8.167672e-02
8.150768e-02
8.048582e-02
8.042908e-02
8.007288e-02
8.058095e-02
8.172274e-02
8.041501e-02
8.071208e-02
8.032990e-02
8.142781e-02
8.145642e-02
8.148527e-02
8.153629e-02
8.052802e-02
8.145165e-02
8.118272e-02
8.049631e-02
8.068013e-02
8.165431e-02
8.059049e-02
8.044767e-02
8.045363e-02
8.043933e-02
8.041859e-02
8.154559e-02
8.074665e-02
8.125138e-02
8.124709e-02
8.053422e-02
8.139133e-02
8.010292e-02
8.050060e-02
8.052111e-02
8.042932e-02
8.122063e-02
8.125973e-02
8.052778e-02
8.160114e-02
8.139586e-02
8.057261e-02
8.043694e-02
8.033633e-02
8.012700e-02
8.051515e-02
8.152223e-02
8.151937e-02
8.058619e-02
8.177614e-02
8.049083e-02
8.157873e-02
8.025265e-02
8.018064e-02
8.152747e-02
8.042526e-02
8.070230e-02
8.160639e-02
8.141756e-02
8.153272e-02
8.038497e-02
8.051229e-02
8.167124e-02
8.146644e-02
8.187270e-02
8.141088e-02
8.046079e-02
8.058691e-02
8.037996e-02
8.161569e-02
8.054161e-02
8.038187e-02
8.125854e-02
8.154011e-02
8.047915e-02
8.158922e-02
8.139634e-02
8.051443e-02
8.162141e-02
8.123732e-02
8.152962e-02
8.050418e-02
8.016062e-02
8.150887e-02
8.040643e-02
8.151627e-02
8.026648e-02
8.061576e-02
8.139968e-02
8.171201e-02
8.109283e-02
8.148527e-02
8.166599e-02
8.151555e-02
8.142400e-02
8.052993e-02
8.064055e-02
8.050275e-02
8.136106e-02
8.127069e-02
8.037090e-02
8.146024e-02
8.058929e-02
8.134985e-02
8.077168e-02
8.052802e-02
8.056474e-02
8.072066e-02
8.167410e-02
8.058190e-02
8.069253e-02
8.160090e-02
8.042002e-02
8.044219e-02
8.132648e-02
8.177137e-02
8.150554e-02
8.050966e-02
8.166409e-02
8.157516e-02
8.122468e-02
8.154559e-02
8.163786e-02
8.035111e-02
8.183622e-02
8.052921e-02
8.144307e-02
8.049583e-02
8.158755e-02
8.141255e-02
8.163357e-02
8.168721e-02
8.063436e-02
8.147931e-02
8.166170e-02
8.048058e-02
8.047247e-02
8.130145e-02
8.066177e-02
8.156610e-02
8.172631e-02
8.165979e-02
8.056355e-02
8.129573e-02
8.133888e-02
8.143711e-02
8.143854e-02
8.149886e-02
8.157277e-02
8.167887e-02
8.061624e-02
8.170986e-02
8.148146e-02
8.052969e-02
8.060217e-02
8.045721e-02
8.146238e-02
8.051252e-02
8.161926e-02
8.135891e-02
8.054876e-02
8.051109e-02
8.043766e-02
8.130646e-02
8.129930e-02
8.079386e-02
8.042598e-02
8.053017e-02
8.166051e-02
8.171844e-02
8.025122e-02
8.181596e-02
8.157039e-02
8.161592e-02
8.059478e-02
8.040643e-02
8.126187e-02
8.148885e-02
8.179879e-02
8.143115e-02
8.127499e-02
8.040071e-02
8.030033e-02
8.044314e-02
8.170414e-02
8.125973e-02
8.042002e-02
8.143806e-02
8.160925e-02
8.018565e-02
8.009982e-02
8.148026e-02
8.149242e-02
8.157277e-02
8.154869e-02
8.147025e-02
8.029199e-02
8.060312e-02
8.160925e-02
8.146882e-02
8.125186e-02
8.122301e-02
8.039713e-02
8.008862e-02
8.022761e-02
8.127928e-02
8.147860e-02
8.148456e-02
8.159137e-02
8.178711e-02
8.172464e-02
8.026719e-02
8.135152e-02
8.159161e-02
8.160543e-02
8.059168e-02
8.037901e-02
8.054471e-02
8.162832e-02
8.049965e-02
8.128095e-02
8.155370e-02
8.155870e-02
8.066201e-02
8.155560e-02
8.039498e-02
8.054328e-02
8.122540e-02
8.169270e-02
8.059907e-02
8.159304e-02
8.056736e-02
8.044958e-02
8.048439e-02
8.048701e-02
8.146119e-02
8.150268e-02
8.167601e-02
8.017230e-02
8.007097e-02
8.072925e-02
8.053851e-02
8.164883e-02
8.057690e-02
8.040190e-02
8.058167e-02
8.148217e-02
8.023763e-02
8.155656e-02
8.048201e-02
8.085060e-02
8.123708e-02
8.159161e-02
8.119822e-02
8.065391e-02
8.029985e-02
8.057213e-02
8.139062e-02
8.153272e-02
8.049560e-02
8.077288e-02
8.051205e-02
8.060670e-02
8.037663e-02
8.052278e-02
8.151579e-02
8.061266e-02
8.022261e-02
8.147430e-02
8.146405e-02
8.159709e-02
8.144188e-02
8.049583e-02
8.146429e-02
8.060193e-02
8.052826e-02
8.054209e-02
8.157015e-02
8.082557e-02
8.041549e-02
8.053541e-02
8.160353e-02
8.145595e-02
8.061075e-02
8.052158e-02
8.133173e-02
8.155942e-02
8.050728e-02
8.034492e-02
8.073354e-02
8.036256e-02
8.055902e-02
8.046842e-02
8.061337e-02
8.138418e-02
8.127093e-02
8.171129e-02
8.075237e-02
8.162522e-02
8.144283e-02
8.047891e-02
8.024025e-02
8.152413e-02
8.043814e-02
8.045244e-02
8.176517e-02
8.124804e-02
8.141732e-02
8.042216e-02
8.065009e-02
8.054972e-02
8.063126e-02
8.050156e-02
8.058476e-02
8.162713e-02
8.061194e-02
8.141828e-02
8.158398e-02
8.061981e-02
8.067322e-02
8.025765e-02
8.159709e-02
8.062410e-02
8.068633e-02
8.089972e-02
8.169293e-02
8.095169e-02
8.063245e-02
8.172345e-02
8.039999e-02
8.062696e-02
8.039761e-02
8.078933e-02
8.168173e-02
8.053660e-02
8.054948e-02
8.058858e-02
8.046174e-02
8.050394e-02
8.049512e-02
8.047175e-02
8.107352e-02
8.156681e-02
8.149076e-02
8.180332e-02
8.182597e-02
8.050227e-02
8.020425e-02
8.069777e-02
8.054566e-02
8.052087e-02
8.150077e-02
8.042049e-02
8.147693e-02
8.037305e-02
8.132243e-02
8.148384e-02
8.037686e-02
8.141112e-02
8.042288e-02
8.154392e-02
8.142996e-02
8.113623e-02
8.040357e-02
8.142114e-02
8.041668e-02
8.120990e-02
8.048820e-02
8.126044e-02
8.034444e-02
8.042622e-02
8.042407e-02
8.046055e-02
8.141899e-02
8.140826e-02
8.086562e-02
8.123493e-02
8.123136e-02
8.046532e-02
8.141065e-02
8.002448e-02
8.137035e-02
8.043694e-02
8.042383e-02
8.131289e-02
8.150101e-02
8.126569e-02
8.115983e-02
8.047700e-02
8.110929e-02
8.048749e-02
8.065844e-02
8.036494e-02
8.134556e-02
8.142734e-02
8.019352e-02
8.150935e-02
8.153987e-02
8.048487e-02
8.151007e-02
8.157492e-02
8.107543e-02
8.049107e-02
8.014250e-02
8.152866e-02
8.043242e-02
8.026338e-02
8.047724e-02
8.038402e-02
8.043337e-02
8.137107e-02
8.041549e-02
8.040714e-02
8.048701e-02
8.039236e-02
8.044815e-02
8.131719e-02
8.134151e-02
8.122492e-02
8.139229e-02
8.040714e-02
8.004594e-02
8.023262e-02
8.053637e-02
8.006859e-02
8.070350e-02
8.156633e-02
8.140683e-02
8.145642e-02
8.152342e-02
8.131933e-02
8.123040e-02
8.147025e-02
8.049369e-02
8.037877e-02
8.055091e-02
8.039570e-02
8.134532e-02
8.063674e-02
8.054543e-02
8.043861e-02
8.045673e-02
8.140421e-02
8.148050e-02
8.046055e-02
8.028603e-02
8.007240e-02
8.148408e-02
8.049154e-02
8.122063e-02
8.046794e-02
8.151197e-02
8.042073e-02
8.123231e-02
8.043242e-02
8.127427e-02
8.063769e-02
8.032322e-02
8.052206e-02
8.074832e-02
8.068657e-02
8.158612e-02
8.071947e-02
8.028722e-02
8.052874e-02
8.032513e-02
8.100271e-02
8.138371e-02
8.057237e-02
8.156824e-02
8.052754e-02
8.142471e-02
8.141065e-02
8.150697e-02
8.037686e-02
8.044553e-02
8.156729e-02
8.050060e-02
8.154631e-02
8.111286e-02
8.041143e-02
8.036900e-02
8.018494e-02
8.035684e-02
8.163381e-02
8.046770e-02
8.154774e-02
8.059096e-02
8.159733e-02
8.012843e-02
8.145905e-02
8.052516e-02
8.070898e-02
8.151865e-02
8.072162e-02
8.144903e-02
8.151746e-02
8.166671e-02
8.057570e-02
8.038425e-02
8.120394e-02
8.046293e-02
8.154964e-02
8.164430e-02
8.129215e-02
8.047938e-02
8.047628e-02
8.155799e-02
8.056545e-02
8.141088e-02
8.166695e-02
8.049488e-02
8.147287e-02
8.337975e-02
8.138752e-02
8.158922e-02
8.042598e-02
8.156633e-02
8.055663e-02
8.153987e-02
8.038807e-02
8.055115e-02
8.014965e-02
8.019590e-02
8.040476e-02
8.042836e-02
8.161831e-02
8.059430e-02
8.025980e-02
8.046651e-02
8.103180e-02
8.024383e-02
8.134007e-02
8.060956e-02
8.054757e-02
8.035779e-02
8.036208e-02
8.046317e-02
8.050442e-02
8.040524e-02
8.156800e-02
8.150983e-02
8.051419e-02
8.060002e-02
8.046722e-02
8.158278e-02
8.040762e-02
8.057070e-02
8.141851e-02
8.161640e-02
8.038831e-02
8.148241e-02
8.157873e-02
8.037162e-02
8.050656e-02
8.055496e-02
8.047700e-02
8.055806e-02
8.158422e-02
8.033776e-02
8.141375e-02
8.142114e-02
8.024788e-02
8.024025e-02
8.149147e-02
8.066535e-02
8.148074e-02
8.073378e-02
8.067441e-02
8.055568e-02
8.055115e-02
8.055186e-02
8.025098e-02
8.042049e-02
8.131933e-02
8.054113e-02
8.150744e-02
8.148050e-02
8.041501e-02
8.141375e-02
8.063602e-02
8.050942e-02
8.129811e-02
8.155370e-02
8.044624e-02
8.055353e-02
8.060908e-02
8.039808e-02
8.144712e-02
8.137751e-02
8.041430e-02
8.098102e-02
8.157277e-02
8.151031e-02
8.051968e-02
8.045244e-02
8.109641e-02
8.011842e-02
8.050489e-02
8.044672e-02
8.059978e-02
8.011031e-02
8.054423e-02
8.135366e-02
8.036995e-02
8.053350e-02
8.060741e-02
8.154941e-02
8.148456e-02
8.039069e-02
8.037138e-02
8.058333e-02
8.120418e-02
8.149743e-02
8.052158e-02
8.038497e-02
8.157349e-02
8.057213e-02
8.131933e-02
8.051538e-02
8.156800e-02
8.044744e-02
8.163023e-02
8.059597e-02
8.046031e-02
8.056498e-02
8.137250e-02
8.150649e-02
8.123183e-02
8.040237e-02
8.142138e-02
8.053422e-02
8.157706e-02
8.054996e-02
8.039904e-02
8.033490e-02
8.120251e-02
8.143687e-02
8.053160e-02
8.133030e-02
8.081365e-02
8.161712e-02
8.153677e-02
8.053946e-02
8.158612e-02
8.155274e-02
8.072877e-02
8.059144e-02
8.155465e-02
8.144808e-02
8.045030e-02
8.055091e-02
8.061934e-02
8.065391e-02
8.087230e-02
8.043098e-02
8.145857e-02
8.183789e-02
8.143330e-02
8.161521e-02
8.056164e-02
8.163810e-02
8.158326e-02
8.044481e-02
8.049297e-02
8.055329e-02
8.172297e-02
8.142543e-02
8.124161e-02
8.014297e-02
8.050585e-02
8.055806e-02
8.059311e-02
8.052444e-02
8.052516e-02
8.042359e-02
8.145142e-02
8.034945e-02
8.135605e-02
8.177829e-02
8.183408e-02
8.065200e-02
8.054256e-02
8.178020e-02
8.141661e-02
8.049345e-02
8.058524e-02
8.037019e-02
8.030415e-02
8.081269e-02
8.115435e-02
8.066559e-02
8.145499e-02
8.026743e-02
8.162069e-02
8.180165e-02
8.162999e-02
8.066010e-02
8.024526e-02
8.053803e-02
8.168530e-02
8.180261e-02
8.054066e-02
8.160830e-02
8.058548e-02
8.048987e-02
8.183908e-02
8.059049e-02
8.033133e-02
8.175397e-02
8.143544e-02
8.030272e-02
8.169079e-02
8.036137e-02
8.177924e-02
8.146715e-02
8.024073e-02
8.135247e-02
8.027697e-02
8.146715e-02
8.188987e-02
8.048224e-02
8.167458e-02
8.168411e-02
8.097386e-02
8.161497e-02
8.156991e-02
8.161163e-02
8.151293e-02
8.147097e-02
8.044863e-02
8.052373e-02
8.047700e-02
8.161688e-02
8.050036e-02
8.051109e-02
8.050346e-02
8.147144e-02
8.151484e-02
8.135915e-02
8.036900e-02
8.156276e-02
8.184981e-02
8.058834e-02
8.070922e-02
8.155751e-02
8.165693e-02
8.152699e-02
8.069992e-02
8.111930e-02
8.163834e-02
8.160782e-02
8.167124e-02
8.177400e-02
8.082962e-02
8.175778e-02
8.049130e-02
8.130980e-02
8.157110e-02
8.069849e-02
8.061171e-02
8.143997e-02
8.142257e-02
8.072758e-02
8.045053e-02
8.072591e-02
8.072186e-02
8.056641e-02
8.049369e-02
8.180642e-02
8.057618e-02
8.056164e-02
8.149195e-02
8.043027e-02
8.166146e-02
8.049560e-02
8.057427e-02
8.051682e-02
8.150387e-02
8.155632e-02
8.143544e-02
8.053946e-02
8.072042e-02
8.029962e-02
8.052039e-02
8.051395e-02
8.155298e-02
8.060169e-02
8.065581e-02
8.055091e-02
8.053231e-02
8.169770e-02
8.172059e-02
8.064103e-02
8.064461e-02
