2.227330e-02
2.122474e-02
2.117229e-02
2.138853e-02
2.164197e-02
2.144337e-02
2.122641e-02
2.170539e-02
2.176690e-02
2.154446e-02
2.167082e-02
2.174854e-02
2.140188e-02
2.157402e-02
2.146459e-02
2.161002e-02
2.174973e-02
2.171803e-02
2.118778e-02
2.174473e-02
2.155089e-02
2.120638e-02
2.161980e-02
2.120543e-02
2.134347e-02
2.163959e-02
2.125716e-02
2.163506e-02
2.159238e-02
2.162266e-02
2.148700e-02
2.151370e-02
2.152753e-02
2.171087e-02
2.179623e-02
2.160025e-02
2.153420e-02
2.152872e-02
2.152967e-02
2.150178e-02
2.179599e-02
2.176452e-02
2.156663e-02
2.140737e-02
2.135706e-02
2.151465e-02
2.151275e-02
2.155209e-02
2.153969e-02
2.176452e-02
2.139831e-02
2.154064e-02
2.152085e-02
2.153349e-02
2.170730e-02
2.139926e-02
2.156663e-02
2.162194e-02
2.168441e-02
2.161670e-02
2.147222e-02
2.142167e-02
2.134585e-02
2.145600e-02
2.152038e-02
2.168036e-02
2.152991e-02
2.162528e-02
2.135205e-02
2.150965e-02
2.151632e-02
2.136540e-02
2.131987e-02
2.156067e-02
2.133179e-02
2.131677e-02
2.161169e-02
2.136636e-02
2.154303e-02
2.172422e-02
2.137423e-02
2.159500e-02
2.164268e-02
2.150464e-02
2.128911e-02
2.121496e-02
2.170610e-02
2.152061e-02
2.163339e-02
2.117801e-02
2.119017e-02
2.147007e-02
2.193213e-02
2.149343e-02
2.149940e-02
2.130413e-02
2.168369e-02
2.137113e-02
2.149510e-02
2.153993e-02
2.154684e-02
2.163863e-02
2.173448e-02
2.140737e-02
2.155471e-02
2.168536e-02
2.155375e-02
2.147174e-02
2.118587e-02
2.154827e-02
2.131438e-02
2.146769e-02
2.157974e-02
2.167344e-02
2.129602e-02
2.174449e-02
2.120852e-02
2.172375e-02
2.121115e-02
2.155423e-02
2.140474e-02
2.155876e-02
2.150750e-02
2.164674e-02
2.127171e-02
2.115345e-02
2.168345e-02
2.137780e-02
2.158380e-02
2.159524e-02
2.145505e-02
2.159429e-02
2.145052e-02
2.117181e-02
2.169609e-02
2.158523e-02
2.174258e-02
2.145624e-02
2.148175e-02
2.161527e-02
2.124929e-02
2.125931e-02
2.163863e-02
2.152634e-02
2.174449e-02
2.168202e-02
2.167082e-02
2.111030e-02
2.158904e-02
2.171516e-02
2.157307e-02
2.131581e-02
2.146626e-02
2.159548e-02
2.169323e-02
2.159309e-02
2.148771e-02
2.138352e-02
2.175689e-02
2.156854e-02
2.142596e-02
2.158737e-02
2.147841e-02
2.143240e-02
2.141285e-02
2.168489e-02
2.157354e-02
2.120399e-02
2.159119e-02
2.239728e-02
2.165580e-02
2.140117e-02
2.153778e-02
2.151299e-02
2.126408e-02
2.167654e-02
2.127671e-02
2.160978e-02
2.156782e-02
2.158523e-02
2.115536e-02
2.152634e-02
2.160263e-02
2.124858e-02
2.115059e-02
2.134562e-02
2.174759e-02
2.169847e-02
2.121997e-02
2.186275e-02
2.160954e-02
2.114987e-02
2.125263e-02
2.128625e-02
2.157307e-02
2.153111e-02
2.175665e-02
2.128792e-02
2.154827e-02
2.168179e-02
2.148390e-02
2.178335e-02
2.195430e-02
2.172184e-02
2.161527e-02
2.162719e-02
2.195382e-02
2.123570e-02
2.151847e-02
2.143550e-02
2.169108e-02
2.121973e-02
2.171779e-02
2.164602e-02
2.158332e-02
2.117968e-02
2.146125e-02
2.149272e-02
2.171683e-02
2.180219e-02
2.197099e-02
2.173829e-02
2.175331e-02
2.174020e-02
2.162743e-02
2.171111e-02
2.151728e-02
2.149558e-02
2.153373e-02
2.177906e-02
2.169681e-02
2.139115e-02
2.124476e-02
2.139091e-02
2.153254e-02
2.135825e-02
2.130675e-02
2.191472e-02
2.120018e-02
2.179503e-02
2.153492e-02
2.165508e-02
2.151155e-02
2.193165e-02
2.158976e-02
2.155328e-02
2.167273e-02
2.171373e-02
2.196336e-02
2.166891e-02
2.152181e-02
2.147698e-02
2.154851e-02
2.177238e-02
2.169514e-02
2.174902e-02
2.173305e-02
2.171445e-02
2.131844e-02
2.128983e-02
2.177548e-02
2.159142e-02
2.168155e-02
2.120590e-02
2.191949e-02
2.184987e-02
2.175975e-02
2.131200e-02
2.157974e-02
2.116537e-02
2.156734e-02
2.165174e-02
2.134347e-02
2.155733e-02
2.166653e-02
2.132726e-02
2.158093e-02
2.154374e-02
2.168036e-02
2.178288e-02
2.153301e-02
2.159834e-02
2.182412e-02
2.137756e-02
2.158809e-02
2.195406e-02
2.171874e-02
2.150106e-02
2.168536e-02
2.164626e-02
2.173233e-02
2.139425e-02
2.155161e-02
2.158213e-02
2.113533e-02
2.115512e-02
2.163792e-02
2.149916e-02
2.150822e-02
2.171230e-02
2.153611e-02
2.124977e-02
2.162218e-02
2.168250e-02
2.154994e-02
2.183032e-02
2.145863e-02
2.119541e-02
2.149391e-02
2.137041e-02
2.177691e-02
2.176738e-02
2.138329e-02
2.170587e-02
2.195144e-02
2.136898e-02
2.140880e-02
2.146077e-02
2.146792e-02
2.122474e-02
2.174568e-02
2.196479e-02
2.163291e-02
2.169442e-02
2.168298e-02
2.156115e-02
2.182722e-02
2.153254e-02
2.163863e-02
2.169633e-02
2.155566e-02
2.164626e-02
2.154493e-02
2.198696e-02
2.179718e-02
2.144480e-02
2.126884e-02
2.202058e-02
2.170134e-02
2.183080e-02
2.156448e-02
2.173257e-02
2.175832e-02
2.176929e-02
2.140021e-02
2.151084e-02
2.158427e-02
2.136803e-02
2.175212e-02
2.186489e-02
2.148962e-02
2.121568e-02
2.171063e-02
2.155828e-02
2.133799e-02
2.166891e-02
2.200556e-02
2.155685e-02
2.146626e-02
2.159572e-02
2.183008e-02
2.151847e-02
2.190232e-02
2.172351e-02
2.173114e-02
2.116561e-02
2.157187e-02
2.177143e-02
2.154183e-02
2.133036e-02
2.170777e-02
2.197051e-02
2.149534e-02
2.148080e-02
2.168536e-02
2.164245e-02
2.163219e-02
2.154303e-02
2.121687e-02
2.155542e-02
2.118897e-02
2.143931e-02
2.171135e-02
2.157664e-02
2.188158e-02
2.172637e-02
2.154708e-02
2.184010e-02
2.161264e-02
2.126122e-02
2.185297e-02
2.161288e-02
2.119422e-02
2.191854e-02
2.163982e-02
2.173233e-02
2.171421e-02
2.114558e-02
2.173162e-02
2.144766e-02
2.178407e-02
2.148104e-02
2.108645e-02
2.131343e-02
2.170706e-02
2.122378e-02
2.174973e-02
2.131200e-02
2.160168e-02
2.158022e-02
2.162313e-02
2.181339e-02
2.143788e-02
2.175641e-02
2.152443e-02
2.157307e-02
2.158475e-02
2.143788e-02
2.178454e-02
2.172899e-02
2.150917e-02
2.160859e-02
2.198863e-02
2.160430e-02
2.193284e-02
2.149630e-02
2.160192e-02
2.148390e-02
2.145457e-02
2.168965e-02
2.156329e-02
2.176762e-02
2.180982e-02
2.147913e-02
2.179170e-02
2.157259e-02
2.153134e-02
2.148056e-02
2.160263e-02
2.155399e-02
2.160907e-02
2.158237e-02
2.120137e-02
2.152038e-02
2.133298e-02
2.132344e-02
2.178431e-02
2.154231e-02
2.165556e-02
2.126455e-02
2.167416e-02
2.152824e-02
2.130508e-02
2.143908e-02
2.169013e-02
2.135611e-02
2.185702e-02
2.172780e-02
2.166605e-02
2.153540e-02
2.189612e-02
2.175426e-02
2.155566e-02
2.169442e-02
2.122307e-02
2.137256e-02
2.168894e-02
2.150106e-02
2.190232e-02
2.139497e-02
2.162981e-02
2.162933e-02
2.118206e-02
2.166843e-02
2.144647e-02
2.177811e-02
2.159905e-02
2.155662e-02
2.163124e-02
2.189589e-02
2.208209e-02
2.156043e-02
2.196860e-02
2.162910e-02
2.146316e-02
2.143312e-02
2.152109e-02
2.145314e-02
2.177596e-02
2.134943e-02
2.173567e-02
2.116179e-02
2.114463e-02
2.165961e-02
2.193713e-02
2.174759e-02
2.151322e-02
2.172351e-02
2.195311e-02
2.127194e-02
2.134132e-02
2.153492e-02
2.172375e-02
2.157402e-02
2.158165e-02
2.128458e-02
2.199483e-02
2.136397e-02
2.167439e-02
2.169943e-02
2.138519e-02
2.146196e-02
2.153802e-02
2.199578e-02
2.162027e-02
2.158976e-02
2.154541e-02
2.159452e-02
2.187419e-02
2.158928e-02
2.155852e-02
2.153707e-02
2.153850e-02
2.148104e-02
2.145123e-02
2.175283e-02
2.172899e-02
2.587295e-02
2.148628e-02
2.150297e-02
2.171707e-02
2.156377e-02
2.177978e-02
2.138615e-02
2.137518e-02
2.120519e-02
2.150631e-02
2.145410e-02
2.139211e-02
2.118015e-02
2.133250e-02
2.122259e-02
2.164745e-02
2.155471e-02
2.141070e-02
2.176929e-02
2.178717e-02
2.117610e-02
2.167249e-02
2.147651e-02
2.116203e-02
2.165604e-02
2.144456e-02
2.147532e-02
2.180099e-02
2.157974e-02
2.130246e-02
2.182078e-02
2.137065e-02
2.134943e-02
2.167892e-02
2.110744e-02
2.176762e-02
2.150345e-02
2.147484e-02
2.166557e-02
2.150154e-02
2.147317e-02
2.164268e-02
2.199364e-02
2.178788e-02
2.161217e-02
2.187037e-02
2.148986e-02
2.139187e-02
2.166581e-02
2.128959e-02
2.142501e-02
2.176833e-02
2.159286e-02
2.161551e-02
2.175236e-02
2.172589e-02
2.180386e-02
2.151823e-02
2.169275e-02
2.174330e-02
2.195859e-02
2.163148e-02
2.134895e-02
2.170420e-02
2.114129e-02
2.171540e-02
2.177668e-02
2.168894e-02
2.117777e-02
2.201366e-02
2.150393e-02
2.188087e-02
2.144074e-02
2.178407e-02
2.168083e-02
2.138281e-02
2.154016e-02
2.153587e-02
2.187371e-02
2.158904e-02
2.126622e-02
2.116013e-02
2.168298e-02
2.161527e-02
2.168870e-02
2.150321e-02
2.178121e-02
2.184725e-02
2.165294e-02
2.171016e-02
2.146554e-02
2.155733e-02
2.175808e-02
2.193451e-02
2.150178e-02
2.189517e-02
2.169132e-02
2.167177e-02
2.174735e-02
2.159858e-02
2.191687e-02
2.152109e-02
2.156329e-02
2.177596e-02
2.183509e-02
2.164197e-02
2.195692e-02
2.115250e-02
2.114916e-02
2.156830e-02
2.162719e-02
2.189541e-02
2.180028e-02
2.155709e-02
2.115846e-02
2.183437e-02
2.177143e-02
2.162623e-02
2.150035e-02
2.171612e-02
2.133536e-02
2.181554e-02
2.111936e-02
2.151012e-02
2.149963e-02
2.163720e-02
2.112865e-02
2.194333e-02
2.172065e-02
2.146196e-02
2.132440e-02
2.195835e-02
2.162528e-02
2.198958e-02
2.176523e-02
2.177548e-02
2.171636e-02
2.151012e-02
2.153850e-02
2.150106e-02
2.140617e-02
2.147174e-02
2.131844e-02
2.172303e-02
2.156568e-02
2.168608e-02
2.192235e-02
2.150989e-02
2.192140e-02
2.175021e-02
2.149487e-02
2.126980e-02
2.139211e-02
2.154756e-02
2.149963e-02
2.157736e-02
2.159810e-02
2.164245e-02
2.152705e-02
2.157497e-02
2.166581e-02
2.175498e-02
2.184081e-02
2.182674e-02
2.191639e-02
2.160168e-02
2.159166e-02
2.174759e-02
2.191949e-02
2.165437e-02
2.127028e-02
2.262640e-02
2.192664e-02
2.135563e-02
2.138233e-02
2.165747e-02
2.161145e-02
2.186537e-02
2.118087e-02
2.171493e-02
2.154660e-02
2.109504e-02
2.180028e-02
2.147603e-02
2.145767e-02
2.184463e-02
2.151418e-02
2.143312e-02
2.150488e-02
2.190351e-02
2.176523e-02
2.150273e-02
2.170134e-02
2.168989e-02
2.158904e-02
2.166533e-02
2.159429e-02
2.182317e-02
2.153468e-02
2.171659e-02
2.157307e-02
2.138257e-02
2.149749e-02
2.149105e-02
2.128792e-02
2.144837e-02
2.165604e-02
2.168965e-02
2.176666e-02
2.178669e-02
2.189898e-02
2.165890e-02
2.160501e-02
2.158904e-02
2.171564e-02
2.171254e-02
2.171636e-02
2.138519e-02
2.174377e-02
2.168489e-02
2.116394e-02
2.150846e-02
2.178121e-02
2.116704e-02
2.110648e-02
2.173853e-02
2.161598e-02
2.168775e-02
2.137256e-02
2.198195e-02
2.154613e-02
2.124500e-02
2.153897e-02
2.166486e-02
2.145195e-02
2.151227e-02
2.135110e-02
2.172804e-02
2.122521e-02
2.170205e-02
2.171969e-02
2.129292e-02
2.136421e-02
2.159858e-02
2.193117e-02
2.118754e-02
2.133250e-02
2.157402e-02
2.197099e-02
2.157116e-02
2.163053e-02
2.175069e-02
2.170920e-02
2.153587e-02
2.139902e-02
2.179337e-02
2.172732e-02
2.198172e-02
2.164078e-02
2.153349e-02
2.186966e-02
2.154112e-02
2.088165e-02
2.177930e-02
2.133846e-02
2.151322e-02
2.135134e-02
2.151442e-02
2.157402e-02
2.155685e-02
2.171898e-02
2.111173e-02
2.173209e-02
2.159905e-02
2.133560e-02
2.168775e-02
2.174258e-02
2.164960e-02
2.169514e-02
2.142143e-02
2.171302e-02
2.150583e-02
2.168369e-02
2.128220e-02
2.123332e-02
2.157640e-02
2.113056e-02
2.151823e-02
2.135849e-02
2.151799e-02
2.171445e-02
2.170515e-02
2.176857e-02
2.188420e-02
2.190566e-02
2.133322e-02
2.159214e-02
2.153516e-02
2.177930e-02
2.171516e-02
2.137446e-02
2.141142e-02
2.180028e-02
2.108502e-02
2.172709e-02
2.175927e-02
2.188945e-02
2.132368e-02
2.178168e-02
2.167702e-02
2.189302e-02
2.137136e-02
2.187157e-02
2.153540e-02
2.196383e-02
2.111816e-02
2.163911e-02
2.194905e-02
2.149487e-02
2.184510e-02
2.139568e-02
2.175450e-02
2.243042e-02
2.181220e-02
2.324128e-02
2.184701e-02
2.119446e-02
2.158904e-02
2.184486e-02
2.155018e-02
2.127051e-02
2.133632e-02
2.181602e-02
2.175021e-02
2.168727e-02
2.155304e-02
2.136731e-02
2.169251e-02
2.145457e-02
2.125645e-02
2.176714e-02
2.151990e-02
2.190375e-02
2.116847e-02
2.177882e-02
2.166677e-02
2.213907e-02
2.196193e-02
2.154398e-02
2.146745e-02
2.128696e-02
2.137566e-02
2.164531e-02
2.165985e-02
2.147126e-02
2.150822e-02
2.143812e-02
2.152467e-02
2.162433e-02
2.113986e-02
2.116227e-02
2.149963e-02
2.154469e-02
2.135158e-02
2.165174e-02
2.125573e-02
2.222991e-02
2.146816e-02
2.119255e-02
2.137709e-02
2.181983e-02
2.131391e-02
2.157593e-02
2.124739e-02
2.126312e-02
2.132130e-02
2.189994e-02
2.144408e-02
2.177215e-02
2.121329e-02
2.147818e-02
2.184772e-02
2.137518e-02
2.167559e-02
2.154398e-02
2.194333e-02
2.128315e-02
2.169752e-02
2.163982e-02
2.191782e-02
2.167463e-02
2.181005e-02
2.150249e-02
2.190995e-02
2.115297e-02
2.173734e-02
2.186131e-02
2.171445e-02
2.168274e-02
2.176499e-02
2.156925e-02
2.159142e-02
2.192330e-02
2.137566e-02
2.156353e-02
2.154207e-02
2.171421e-02
2.154422e-02
2.140594e-02
2.110386e-02
2.155638e-02
2.185893e-02
2.129006e-02
2.169061e-02
2.157068e-02
2.192354e-02
2.179909e-02
2.174473e-02
2.149868e-02
2.135992e-02
2.175903e-02
2.165484e-02
2.167010e-02
2.118540e-02
2.171135e-02
2.156115e-02
2.126122e-02
2.157974e-02
2.172589e-02
2.174354e-02
2.158952e-02
2.136898e-02
2.163672e-02
2.141404e-02
2.151918e-02
2.170277e-02
2.161527e-02
2.150798e-02
2.118015e-02
2.196527e-02
2.195239e-02
2.137327e-02
2.188039e-02
2.129149e-02
2.148676e-02
2.151513e-02
2.172375e-02
2.146840e-02
2.188015e-02
2.142215e-02
2.187252e-02
2.162075e-02
2.170014e-02
2.145910e-02
2.150702e-02
2.152300e-02
2.171206e-02
2.160025e-02
2.164054e-02
2.157283e-02
2.171111e-02
2.167249e-02
2.176332e-02
2.159166e-02
2.155399e-02
2.166271e-02
2.140760e-02
2.119946e-02
2.136731e-02
2.120399e-02
2.179575e-02
2.150488e-02
2.150488e-02
