1.262659e+00
1.259481e+00
1.261169e+00
1.260175e+00
1.259226e+00
1.259512e+00
1.260528e+00
1.260712e+00
1.260081e+00
1.261045e+00
1.260680e+00
1.260728e+00
1.261260e+00
1.260288e+00
1.261081e+00
1.260171e+00
1.260383e+00
1.261453e+00
1.260831e+00
1.260499e+00
1.260648e+00
1.261406e+00
1.261055e+00
1.259540e+00
1.260035e+00
1.260107e+00
1.262444e+00
1.259201e+00
1.260949e+00
1.259954e+00
1.260885e+00
1.258815e+00
1.261869e+00
1.259368e+00
1.260056e+00
1.259817e+00
1.259911e+00
1.259590e+00
1.259726e+00
1.259627e+00
1.260015e+00
1.260877e+00
1.260193e+00
1.259887e+00
1.260182e+00
1.260922e+00
1.259848e+00
1.259953e+00
1.261456e+00
1.260578e+00
1.260029e+00
1.259563e+00
1.261184e+00
1.259691e+00
1.260082e+00
1.257676e+00
1.260762e+00
1.259209e+00
1.259963e+00
1.261153e+00
1.259894e+00
1.259080e+00
1.262433e+00
1.259694e+00
1.268351e+00
1.280265e+00
1.279892e+00
1.279199e+00
1.279402e+00
1.278591e+00
1.279016e+00
1.279486e+00
1.278589e+00
1.278110e+00
1.278718e+00
1.278521e+00
1.285544e+00
1.303646e+00
1.302115e+00
1.302021e+00
1.301653e+00
1.301833e+00
1.301328e+00
1.302819e+00
1.303783e+00
1.304199e+00
