2.498938e+00
2.497025e+00
2.498549e+00
2.496243e+00
2.501269e+00
2.501293e+00
2.497220e+00
2.499631e+00
2.495166e+00
2.489767e+00
2.495353e+00
2.507847e+00
2.500286e+00
2.503341e+00
2.496666e+00
2.503608e+00
2.499866e+00
2.499718e+00
2.495017e+00
2.497491e+00
2.499995e+00
2.497565e+00
2.489700e+00
2.495528e+00
2.496157e+00
2.496322e+00
2.498400e+00
2.500288e+00
2.494649e+00
2.494627e+00
2.495769e+00
2.535054e+00
2.538040e+00
2.532958e+00
2.531239e+00
2.533404e+00
2.538552e+00
2.529819e+00
2.569954e+00
2.570314e+00
2.566032e+00
2.569168e+00
2.577857e+00
