3.180504e-04
3.242493e-04
3.385544e-04
3.001690e-04
3.182888e-04
3.111362e-04
3.364086e-04
3.042221e-04
3.156662e-04
3.170967e-04
3.337860e-04
3.008842e-04
3.104210e-04
3.159046e-04
3.354549e-04
3.004074e-04
3.092289e-04
3.132820e-04
3.325939e-04
3.032684e-04
3.187656e-04
3.128052e-04
3.361702e-04
3.092289e-04
3.154278e-04
3.128052e-04
3.359318e-04
3.032684e-04
3.130436e-04
3.118515e-04
3.402233e-04
3.008842e-04
3.230572e-04
3.137589e-04
3.333092e-04
3.001690e-04
3.135204e-04
3.120899e-04
3.335476e-04
3.001690e-04
3.142357e-04
3.118515e-04
3.378391e-04
2.996922e-04
3.201962e-04
3.094673e-04
3.335476e-04
3.032684e-04
3.137589e-04
3.104210e-04
3.328323e-04
2.982616e-04
3.132820e-04
3.101826e-04
3.352165e-04
2.999306e-04
3.139973e-04
3.137589e-04
3.299713e-04
3.023148e-04
3.154278e-04
3.063679e-04
3.428459e-04
2.992153e-04
3.170967e-04
3.104210e-04
3.402233e-04
3.011227e-04
3.139973e-04
3.132820e-04
3.342628e-04
3.004074e-04
3.161430e-04
3.094673e-04
3.333092e-04
3.023148e-04
3.118515e-04
3.101826e-04
3.354549e-04
3.032684e-04
3.230572e-04
3.123283e-04
3.411770e-04
3.049374e-04
3.156662e-04
3.108978e-04
3.368855e-04
3.035069e-04
3.135204e-04
3.135204e-04
3.366470e-04
3.004074e-04
3.130436e-04
3.097057e-04
3.392696e-04
3.077984e-04
3.147125e-04
3.070831e-04
3.371239e-04
3.042221e-04
3.123283e-04
3.054142e-04
3.314018e-04
3.061295e-04
3.156662e-04
3.123283e-04
3.376007e-04
3.039837e-04
3.130436e-04
3.120899e-04
3.366470e-04
3.004074e-04
3.149509e-04
3.111362e-04
3.328323e-04
3.039837e-04
3.108978e-04
3.149509e-04
3.323555e-04
3.042221e-04
3.111362e-04
3.099442e-04
3.261566e-04
3.051758e-04
3.113747e-04
3.120899e-04
3.299713e-04
3.004074e-04
3.154278e-04
3.092289e-04
3.325939e-04
3.168583e-04
3.094673e-04
3.113747e-04
3.364086e-04
3.077984e-04
3.132820e-04
3.106594e-04
3.354549e-04
3.032684e-04
3.111362e-04
3.116131e-04
3.318787e-04
3.030300e-04
3.161430e-04
3.070831e-04
3.304482e-04
3.027916e-04
3.116131e-04
3.108978e-04
3.345013e-04
2.999306e-04
3.113747e-04
3.092289e-04
3.356934e-04
2.992153e-04
3.123283e-04
3.137589e-04
3.368855e-04
3.051758e-04
3.125668e-04
3.108978e-04
3.314018e-04
3.006458e-04
3.178120e-04
3.089905e-04
3.309250e-04
3.042221e-04
3.147125e-04
3.087521e-04
3.316402e-04
3.015995e-04
3.147125e-04
3.094673e-04
3.328323e-04
3.039837e-04
3.104210e-04
3.063679e-04
3.335476e-04
3.037453e-04
3.156662e-04
3.099442e-04
3.325939e-04
3.046989e-04
3.113747e-04
3.120899e-04
3.359318e-04
2.996922e-04
3.132820e-04
3.087521e-04
3.097057e-04
3.373623e-04
3.070831e-04
3.130436e-04
3.149509e-04
3.371239e-04
3.025532e-04
3.137589e-04
3.159046e-04
3.352165e-04
3.004074e-04
3.190041e-04
3.087521e-04
3.337860e-04
3.006458e-04
3.118515e-04
3.018379e-04
3.347397e-04
3.046989e-04
3.137589e-04
3.037453e-04
3.302097e-04
2.930164e-04
2.386570e-04
2.992153e-04
3.290176e-04
2.980232e-04
3.123283e-04
2.994537e-04
3.230572e-04
2.923012e-04
2.386570e-04
3.054142e-04
3.249645e-04
2.963543e-04
3.151894e-04
3.039837e-04
3.249645e-04
2.956390e-04
2.384186e-04
2.999306e-04
3.273487e-04
2.956390e-04
3.137589e-04
3.049374e-04
3.345013e-04
2.942085e-04
2.419949e-04
3.042221e-04
3.230572e-04
2.932549e-04
3.154278e-04
2.861023e-04
3.247261e-04
2.963543e-04
2.417564e-04
3.011227e-04
3.209114e-04
2.980232e-04
3.139973e-04
2.727509e-04
3.230572e-04
2.896786e-04
2.405643e-04
3.023148e-04
3.263950e-04
2.934933e-04
3.149509e-04
3.032684e-04
3.259182e-04
2.930164e-04
3.097057e-04
2.985001e-04
3.273487e-04
2.985001e-04
3.135204e-04
2.999306e-04
3.273487e-04
2.930164e-04
2.388954e-04
3.023148e-04
3.259182e-04
2.977848e-04
3.128052e-04
3.080368e-04
3.232956e-04
3.008842e-04
2.448559e-04
3.001690e-04
3.182888e-04
2.963543e-04
3.151894e-04
2.858639e-04
3.263950e-04
2.954006e-04
2.379417e-04
3.068447e-04
3.235340e-04
2.975464e-04
2.477169e-04
3.011227e-04
3.287792e-04
3.008842e-04
2.374649e-04
3.001690e-04
3.268719e-04
2.977848e-04
3.085136e-04
3.066063e-04
3.235340e-04
2.973080e-04
2.388954e-04
3.070831e-04
3.318787e-04
3.046989e-04
3.137589e-04
3.006458e-04
3.280640e-04
3.004074e-04
3.085136e-04
3.089905e-04
3.268719e-04
2.965927e-04
3.101826e-04
3.075600e-04
3.268719e-04
2.956390e-04
2.906322e-04
3.073215e-04
3.254414e-04
2.958775e-04
3.128052e-04
2.329350e-04
3.311634e-04
2.968311e-04
3.087521e-04
2.992153e-04
3.290176e-04
2.932549e-04
3.154278e-04
2.410412e-04
3.263950e-04
2.977848e-04
3.116131e-04
2.999306e-04
3.294945e-04
2.958775e-04
3.130436e-04
3.004074e-04
3.249645e-04
2.934933e-04
2.863407e-04
3.025532e-04
3.292561e-04
2.951622e-04
3.097057e-04
2.999306e-04
3.290176e-04
2.932549e-04
3.120899e-04
3.066063e-04
3.228188e-04
2.968311e-04
3.106594e-04
3.027916e-04
3.271103e-04
2.963543e-04
3.063679e-04
3.070831e-04
3.314018e-04
2.937317e-04
3.066063e-04
3.037453e-04
3.325939e-04
2.920628e-04
3.101826e-04
2.999306e-04
3.283024e-04
2.954006e-04
3.123283e-04
2.377033e-04
3.299713e-04
2.965927e-04
3.118515e-04
3.054142e-04
3.252029e-04
2.937317e-04
3.070831e-04
3.030300e-04
3.294945e-04
2.923012e-04
3.099442e-04
3.020763e-04
3.261566e-04
2.934933e-04
3.101826e-04
3.054142e-04
3.297329e-04
2.965927e-04
3.137589e-04
3.058910e-04
3.259182e-04
2.965927e-04
3.089905e-04
3.089905e-04
3.268719e-04
2.954006e-04
3.151894e-04
3.025532e-04
3.268719e-04
2.963543e-04
3.094673e-04
3.035069e-04
3.292561e-04
2.973080e-04
3.070831e-04
3.108978e-04
3.232956e-04
2.899170e-04
3.106594e-04
3.037453e-04
3.263950e-04
3.030300e-04
3.104210e-04
3.037453e-04
3.273487e-04
2.961159e-04
3.066063e-04
3.013611e-04
3.252029e-04
2.970695e-04
2.460480e-04
3.006458e-04
3.235340e-04
2.973080e-04
3.125668e-04
3.035069e-04
3.314018e-04
3.006458e-04
3.097057e-04
3.063679e-04
3.283024e-04
2.958775e-04
3.159046e-04
3.063679e-04
3.259182e-04
2.963543e-04
2.408028e-04
3.039837e-04
3.285408e-04
2.877712e-04
2.963543e-04
3.099442e-04
3.042221e-04
3.256798e-04
2.927780e-04
3.099442e-04
3.030300e-04
3.254414e-04
2.939701e-04
3.061295e-04
2.870560e-04
3.318787e-04
2.963543e-04
3.123283e-04
2.987385e-04
3.259182e-04
2.977848e-04
3.106594e-04
3.101826e-04
3.306866e-04
2.958775e-04
3.106594e-04
3.032684e-04
3.294945e-04
3.092289e-04
3.066063e-04
3.118515e-04
3.254414e-04
2.939701e-04
3.097057e-04
3.025532e-04
3.268719e-04
2.958775e-04
3.066063e-04
3.001690e-04
3.311634e-04
2.927780e-04
3.099442e-04
3.023148e-04
3.304482e-04
3.008842e-04
3.085136e-04
3.113747e-04
3.278255e-04
2.975464e-04
3.073215e-04
3.066063e-04
3.263950e-04
2.937317e-04
3.099442e-04
3.030300e-04
3.290176e-04
2.923012e-04
3.120899e-04
3.087521e-04
3.278255e-04
2.942085e-04
3.097057e-04
2.853870e-04
3.271103e-04
2.973080e-04
3.027916e-04
3.056526e-04
3.292561e-04
2.956390e-04
3.099442e-04
3.018379e-04
3.256798e-04
2.937317e-04
3.104210e-04
2.996922e-04
3.302097e-04
2.944469e-04
3.058910e-04
3.044605e-04
3.294945e-04
2.982616e-04
3.099442e-04
3.108978e-04
3.259182e-04
2.946854e-04
3.085136e-04
2.841949e-04
3.263950e-04
2.956390e-04
3.137589e-04
2.989769e-04
3.297329e-04
2.970695e-04
3.101826e-04
3.023148e-04
3.256798e-04
2.934933e-04
3.082752e-04
3.035069e-04
3.340244e-04
3.004074e-04
3.063679e-04
2.877712e-04
3.261566e-04
2.927780e-04
3.097057e-04
3.004074e-04
3.330708e-04
2.906322e-04
3.092289e-04
2.868176e-04
3.006458e-04
3.273487e-04
2.825260e-04
2.963543e-04
3.077984e-04
3.097057e-04
3.318787e-04
2.937317e-04
2.396107e-04
2.975464e-04
3.325939e-04
2.908707e-04
3.054142e-04
3.097057e-04
3.020763e-04
3.206730e-04
2.968311e-04
2.415180e-04
3.013611e-04
3.221035e-04
2.985001e-04
3.108978e-04
3.001690e-04
3.254414e-04
2.939701e-04
2.408028e-04
2.996922e-04
3.294945e-04
2.980232e-04
3.101826e-04
2.381802e-04
3.237724e-04
2.932549e-04
2.822876e-04
3.085136e-04
3.283024e-04
2.970695e-04
3.097057e-04
3.077984e-04
3.237724e-04
3.006458e-04
2.384186e-04
3.023148e-04
3.299713e-04
2.980232e-04
3.101826e-04
3.080368e-04
3.283024e-04
2.937317e-04
2.450943e-04
3.027916e-04
3.287792e-04
2.965927e-04
3.111362e-04
2.377033e-04
3.266335e-04
2.951622e-04
2.391338e-04
2.448559e-04
3.244877e-04
2.930164e-04
3.097057e-04
2.379417e-04
3.271103e-04
2.992153e-04
3.058910e-04
3.004074e-04
3.294945e-04
2.961159e-04
3.118515e-04
3.039837e-04
3.263950e-04
2.908707e-04
2.419949e-04
3.027916e-04
3.297329e-04
2.934933e-04
3.104210e-04
2.415180e-04
3.252029e-04
2.963543e-04
2.384186e-04
3.018379e-04
3.273487e-04
2.932549e-04
3.130436e-04
3.075600e-04
3.266335e-04
2.930164e-04
2.884865e-04
3.001690e-04
3.273487e-04
2.958775e-04
3.101826e-04
3.020763e-04
3.309250e-04
2.956390e-04
3.104210e-04
3.032684e-04
3.290176e-04
3.042221e-04
3.123283e-04
2.379417e-04
3.285408e-04
2.901554e-04
3.092289e-04
3.013611e-04
3.285408e-04
3.020763e-04
3.099442e-04
3.063679e-04
3.283024e-04
2.954006e-04
2.856255e-04
3.030300e-04
3.263950e-04
2.942085e-04
3.094673e-04
2.403259e-04
3.280640e-04
2.958775e-04
2.870560e-04
3.066063e-04
3.259182e-04
2.927780e-04
3.120899e-04
3.068447e-04
3.275871e-04
2.968311e-04
2.841949e-04
3.027916e-04
3.290176e-04
2.961159e-04
3.111362e-04
2.408028e-04
3.256798e-04
2.934933e-04
3.132820e-04
3.032684e-04
3.283024e-04
2.954006e-04
3.104210e-04
2.362728e-04
3.252029e-04
3.004074e-04
3.061295e-04
3.039837e-04
3.278255e-04
2.968311e-04
3.147125e-04
2.384186e-04
3.137589e-04
2.925396e-04
3.123283e-04
3.075600e-04
3.252029e-04
2.973080e-04
3.058910e-04
2.422333e-04
3.302097e-04
3.011227e-04
3.104210e-04
3.054142e-04
3.247261e-04
2.937317e-04
3.120899e-04
3.006458e-04
3.345013e-04
2.968311e-04
3.130436e-04
3.087521e-04
3.261566e-04
3.023148e-04
3.137589e-04
2.481937e-04
3.318787e-04
2.963543e-04
3.089905e-04
3.111362e-04
2.961159e-04
3.275871e-04
2.965927e-04
3.089905e-04
2.403259e-04
3.285408e-04
2.996922e-04
3.094673e-04
3.159046e-04
3.280640e-04
2.951622e-04
3.113747e-04
2.377033e-04
3.328323e-04
2.939701e-04
3.094673e-04
3.044605e-04
3.280640e-04
2.965927e-04
3.125668e-04
3.035069e-04
3.275871e-04
2.942085e-04
3.130436e-04
3.066063e-04
3.173351e-04
2.932549e-04
3.068447e-04
3.132820e-04
3.314018e-04
2.956390e-04
3.094673e-04
3.082752e-04
3.254414e-04
2.970695e-04
3.015995e-04
2.994537e-04
3.297329e-04
3.080368e-04
3.130436e-04
3.166199e-04
3.292561e-04
2.968311e-04
3.154278e-04
2.377033e-04
3.259182e-04
2.973080e-04
3.085136e-04
3.042221e-04
3.218651e-04
2.970695e-04
3.063679e-04
3.066063e-04
3.328323e-04
2.963543e-04
3.066063e-04
3.004074e-04
3.268719e-04
2.939701e-04
3.082752e-04
2.405643e-04
3.285408e-04
2.903938e-04
3.061295e-04
2.999306e-04
3.271103e-04
2.954006e-04
3.161430e-04
2.374649e-04
3.314018e-04
3.023148e-04
3.061295e-04
3.046989e-04
3.285408e-04
2.980232e-04
3.097057e-04
2.415180e-04
3.263950e-04
2.954006e-04
3.118515e-04
2.987385e-04
3.294945e-04
2.939701e-04
3.070831e-04
2.462864e-04
3.247261e-04
3.304482e-04
2.934933e-04
3.154278e-04
3.004074e-04
3.280640e-04
2.963543e-04
3.159046e-04
3.032684e-04
3.314018e-04
2.932549e-04
3.099442e-04
3.058910e-04
3.230572e-04
2.989769e-04
3.070831e-04
3.073215e-04
3.230572e-04
2.961159e-04
3.128052e-04
3.039837e-04
3.254414e-04
2.965927e-04
3.159046e-04
3.054142e-04
3.292561e-04
2.970695e-04
3.104210e-04
3.044605e-04
3.283024e-04
2.951622e-04
3.082752e-04
3.027916e-04
3.261566e-04
3.042221e-04
3.147125e-04
3.042221e-04
3.266335e-04
2.970695e-04
3.161430e-04
2.930164e-04
3.252029e-04
2.970695e-04
3.118515e-04
2.999306e-04
3.268719e-04
2.965927e-04
3.139973e-04
2.925396e-04
3.247261e-04
3.066063e-04
3.156662e-04
3.001690e-04
3.185272e-04
2.934933e-04
3.151894e-04
3.032684e-04
3.244877e-04
2.994537e-04
3.137589e-04
3.035069e-04
3.230572e-04
2.980232e-04
3.025532e-04
2.386570e-04
3.097057e-04
3.032684e-04
3.266335e-04
2.930164e-04
3.132820e-04
2.386570e-04
3.302097e-04
2.963543e-04
3.068447e-04
2.999306e-04
3.283024e-04
2.872944e-04
2.901554e-04
3.128052e-04
2.415180e-04
3.259182e-04
2.970695e-04
3.080368e-04
2.994537e-04
3.268719e-04
2.937317e-04
3.092289e-04
3.023148e-04
3.373623e-04
2.939701e-04
3.101826e-04
3.108978e-04
3.340244e-04
2.925396e-04
3.099442e-04
3.039837e-04
3.321171e-04
2.934933e-04
3.185272e-04
3.004074e-04
3.297329e-04
2.987385e-04
3.104210e-04
2.415180e-04
3.273487e-04
2.934933e-04
2.474785e-04
3.070831e-04
3.261566e-04
2.920628e-04
3.099442e-04
2.381802e-04
3.292561e-04
2.951622e-04
3.128052e-04
2.970695e-04
3.287792e-04
2.908707e-04
3.106594e-04
2.429485e-04
3.259182e-04
2.932549e-04
3.118515e-04
3.035069e-04
3.318787e-04
2.927780e-04
3.116131e-04
2.911091e-04
3.292561e-04
2.908707e-04
3.097057e-04
3.027916e-04
3.263950e-04
2.961159e-04
3.137589e-04
2.415180e-04
3.266335e-04
2.965927e-04
3.104210e-04
3.068447e-04
3.294945e-04
2.968311e-04
3.178120e-04
3.097057e-04
3.268719e-04
2.965927e-04
3.099442e-04
3.077984e-04
3.273487e-04
2.932549e-04
3.116131e-04
2.403259e-04
3.259182e-04
2.944469e-04
3.101826e-04
3.061295e-04
3.259182e-04
2.903938e-04
3.099442e-04
3.001690e-04
3.321171e-04
2.999306e-04
3.089905e-04
3.049374e-04
3.263950e-04
2.996922e-04
3.023148e-04
2.834797e-04
3.325939e-04
2.954006e-04
3.101826e-04
3.125668e-04
3.261566e-04
2.932549e-04
3.142357e-04
2.408028e-04
3.275871e-04
2.942085e-04
3.066063e-04
3.099442e-04
3.271103e-04
2.892017e-04
3.099442e-04
2.379417e-04
3.263950e-04
2.982616e-04
3.099442e-04
3.104210e-04
