7.948875e-04
6.134510e-04
5.695820e-04
5.996227e-04
5.989075e-04
5.552769e-04
5.538464e-04
5.555153e-04
6.406307e-04
5.578995e-04
5.507469e-04
5.500317e-04
5.474091e-04
6.182194e-04
6.406307e-04
5.629063e-04
5.602837e-04
6.394386e-04
5.481243e-04
6.189346e-04
5.416870e-04
6.368160e-04
5.130768e-04
5.598068e-04
5.483627e-04
5.581379e-04
5.190372e-04
5.517006e-04
6.160736e-04
5.180836e-04
5.571842e-04
5.557537e-04
5.569458e-04
5.531311e-04
6.942749e-04
5.903244e-04
5.536079e-04
5.538464e-04
6.241798e-04
6.427765e-04
5.674362e-04
5.495548e-04
5.388260e-04
6.377697e-04
5.178452e-04
5.590916e-04
5.517006e-04
5.548000e-04
5.435944e-04
6.384850e-04
5.211830e-04
5.521774e-04
5.481243e-04
5.524158e-04
5.443096e-04
5.571842e-04
5.371571e-04
5.502701e-04
6.418228e-04
5.512238e-04
5.540848e-04
5.486012e-04
5.433559e-04
5.898476e-04
6.411076e-04
5.533695e-04
5.500317e-04
5.543232e-04
7.066727e-04
5.772114e-04
5.412102e-04
6.356239e-04
5.443096e-04
5.552769e-04
5.440712e-04
5.517006e-04
6.392002e-04
5.586147e-04
5.536079e-04
5.495548e-04
5.395412e-04
5.536079e-04
6.413460e-04
5.478859e-04
5.440712e-04
5.905628e-04
5.898476e-04
5.924702e-04
5.819798e-04
6.439686e-04
5.483627e-04
5.569458e-04
5.953312e-04
5.881786e-04
5.595684e-04
5.176067e-04
5.917549e-04
5.903244e-04
5.841255e-04
5.912781e-04
5.908012e-04
5.617142e-04
5.331039e-04
6.370544e-04
5.862713e-04
5.581379e-04
5.402565e-04
5.550385e-04
5.459785e-04
5.946159e-04
5.505085e-04
5.340576e-04
6.413460e-04
6.015301e-04
5.900860e-04
5.602837e-04
5.359650e-04
6.117821e-04
5.972385e-04
5.519390e-04
5.185604e-04
6.368160e-04
5.080700e-04
5.776882e-04
5.407333e-04
5.900860e-04
6.132126e-04
5.912781e-04
5.481243e-04
5.571842e-04
4.942417e-04
5.733967e-04
6.439686e-04
6.170273e-04
5.948544e-04
5.829334e-04
6.403923e-04
5.507469e-04
5.021095e-04
5.455017e-04
6.744862e-04
5.953312e-04
6.210804e-04
5.853176e-04
5.331039e-04
5.462170e-04
4.947186e-04
5.464554e-04
4.947186e-04
5.722046e-04
6.239414e-04
5.817413e-04
5.233288e-04
5.509853e-04
6.129742e-04
5.404949e-04
6.344318e-04
5.779266e-04
6.401539e-04
5.855560e-04
6.682873e-04
5.526543e-04
5.428791e-04
6.134510e-04
6.160736e-04
5.767345e-04
5.640984e-04
5.905628e-04
5.517006e-04
6.396770e-04
5.135536e-04
6.687641e-04
5.943775e-04
5.798340e-04
6.411076e-04
5.865097e-04
5.426407e-04
5.176067e-04
4.999638e-04
5.869865e-04
5.841255e-04
5.745888e-04
6.153584e-04
5.917549e-04
5.271435e-04
5.457401e-04
6.160736e-04
6.158352e-04
5.548000e-04
5.984306e-04
5.218983e-04
6.146431e-04
5.207062e-04
5.145073e-04
5.204678e-04
6.392002e-04
6.108284e-04
5.970001e-04
6.661415e-04
5.941391e-04
5.197525e-04
5.490780e-04
5.991459e-04
5.822182e-04
5.249977e-04
6.151199e-04
5.943775e-04
5.609989e-04
5.235672e-04
6.349087e-04
6.136894e-04
6.411076e-04
5.936623e-04
6.041527e-04
5.900860e-04
5.178452e-04
5.588531e-04
6.330013e-04
5.564690e-04
6.458759e-04
5.941391e-04
5.557537e-04
6.380081e-04
5.178452e-04
6.422997e-04
5.941391e-04
5.955696e-04
6.384850e-04
5.962849e-04
6.430149e-04
7.061958e-04
5.965233e-04
6.344318e-04
6.117821e-04
6.432533e-04
5.908012e-04
5.562305e-04
6.473064e-04
5.922318e-04
6.396770e-04
5.962849e-04
6.039143e-04
5.857944e-04
5.447865e-04
5.936623e-04
6.151199e-04
5.941391e-04
6.339550e-04
6.158352e-04
6.427765e-04
5.919933e-04
6.394386e-04
5.929470e-04
6.399155e-04
5.936623e-04
5.497932e-04
5.664825e-04
5.581379e-04
6.434917e-04
5.965233e-04
6.415844e-04
5.934238e-04
6.065369e-04
6.389618e-04
6.122589e-04
6.427765e-04
5.934238e-04
6.017685e-04
6.365776e-04
5.865097e-04
6.432533e-04
5.912781e-04
6.008148e-04
6.313324e-04
5.574226e-04
6.430149e-04
5.862713e-04
6.427765e-04
5.915165e-04
5.517006e-04
6.411076e-04
5.824566e-04
6.396770e-04
5.950928e-04
6.000996e-04
5.841255e-04
5.795956e-04
5.645752e-04
5.960464e-04
6.380081e-04
6.136894e-04
5.905628e-04
5.869865e-04
5.400181e-04
5.519390e-04
5.273819e-04
5.297661e-04
5.536079e-04
5.614758e-04
6.175041e-04
6.227493e-04
6.139278e-04
5.552769e-04
5.581379e-04
5.481243e-04
5.526543e-04
5.562305e-04
5.540848e-04
5.128384e-04
5.486012e-04
5.226135e-04
6.370544e-04
6.091595e-04
5.769730e-04
4.911423e-04
6.136894e-04
5.502701e-04
6.403923e-04
6.139278e-04
6.246567e-04
6.122589e-04
5.471706e-04
5.266666e-04
5.762577e-04
5.083084e-04
6.337166e-04
5.686283e-04
5.459785e-04
5.080700e-04
5.755424e-04
5.211830e-04
5.462170e-04
6.344318e-04
5.564690e-04
5.211830e-04
5.450249e-04
5.691051e-04
5.586147e-04
5.140305e-04
5.779266e-04
5.555153e-04
6.418228e-04
6.153584e-04
5.941391e-04
5.517006e-04
5.431175e-04
5.035400e-04
5.776882e-04
5.931854e-04
6.024837e-04
5.190372e-04
5.810261e-04
6.437302e-04
5.908012e-04
5.614758e-04
5.483627e-04
4.854202e-04
6.217957e-04
6.105900e-04
6.699562e-04
5.552769e-04
5.869865e-04
6.394386e-04
5.505085e-04
5.009174e-04
6.384850e-04
5.211830e-04
6.401539e-04
6.144047e-04
5.850792e-04
5.545616e-04
5.464554e-04
6.179810e-04
6.136894e-04
5.934238e-04
5.772114e-04
5.908012e-04
7.541180e-04
5.629063e-04
5.500317e-04
4.999638e-04
5.774498e-04
6.103516e-04
5.784035e-04
5.595684e-04
5.784035e-04
5.526543e-04
6.434917e-04
4.894733e-04
6.144047e-04
5.111694e-04
5.412102e-04
5.230904e-04
5.738735e-04
6.422997e-04
5.846024e-04
5.617142e-04
5.881786e-04
5.431175e-04
6.141663e-04
6.432533e-04
6.177425e-04
5.280972e-04
5.810261e-04
5.652905e-04
5.848408e-04
5.602837e-04
6.396770e-04
4.849434e-04
6.198883e-04
5.707741e-04
5.817413e-04
6.401539e-04
5.891323e-04
5.574226e-04
6.690025e-04
4.990101e-04
5.760193e-04
5.214214e-04
5.786419e-04
5.042553e-04
5.953312e-04
5.629063e-04
6.401539e-04
5.252361e-04
6.408691e-04
6.122589e-04
5.872250e-04
6.141663e-04
5.974770e-04
5.545616e-04
5.550385e-04
4.985332e-04
5.762577e-04
5.722046e-04
6.027222e-04
6.372929e-04
5.886555e-04
5.288124e-04
5.488396e-04
6.704330e-04
6.203651e-04
4.916191e-04
5.688667e-04
5.519390e-04
5.967617e-04
5.202293e-04
5.466938e-04
6.170273e-04
6.210804e-04
6.358624e-04
7.050037e-04
6.394386e-04
5.462170e-04
5.416870e-04
5.562305e-04
5.142689e-04
5.824566e-04
5.173683e-04
5.178452e-04
6.113052e-04
7.541180e-04
5.700588e-04
7.483959e-04
5.981922e-04
5.841255e-04
5.588531e-04
5.471706e-04
5.252361e-04
5.791187e-04
5.273819e-04
6.132126e-04
5.650520e-04
5.903244e-04
5.526543e-04
5.488396e-04
6.415844e-04
6.132126e-04
5.161762e-04
6.422997e-04
5.619526e-04
5.927086e-04
5.593300e-04
5.931854e-04
5.564690e-04
6.427765e-04
5.247593e-04
6.692410e-04
5.967617e-04
5.958080e-04
5.903244e-04
5.831718e-04
5.555153e-04
5.409718e-04
5.214214e-04
6.382465e-04
6.089211e-04
5.774498e-04
6.051064e-04
5.896091e-04
5.269051e-04
5.493164e-04
5.400181e-04
6.184578e-04
6.866455e-04
5.879402e-04
5.528927e-04
5.981922e-04
5.488396e-04
6.403923e-04
5.264282e-04
6.434917e-04
5.624294e-04
5.784035e-04
6.141663e-04
6.668568e-04
5.514622e-04
5.204678e-04
4.982948e-04
5.631447e-04
5.271435e-04
6.015301e-04
5.798340e-04
5.879402e-04
5.588531e-04
5.557537e-04
6.170273e-04
6.220341e-04
5.142689e-04
5.772114e-04
6.468296e-04
5.891323e-04
5.593300e-04
5.209446e-04
5.023479e-04
5.798340e-04
5.125999e-04
5.497932e-04
5.028248e-04
5.857944e-04
6.120205e-04
5.857944e-04
5.574226e-04
5.548000e-04
5.061626e-04
5.455017e-04
5.104542e-04
6.170273e-04
5.409718e-04
5.562305e-04
6.167889e-04
6.239414e-04
5.083084e-04
5.807877e-04
5.095005e-04
6.105900e-04
5.416870e-04
5.583763e-04
6.148815e-04
6.155968e-04
6.127357e-04
6.468296e-04
5.550385e-04
5.927086e-04
5.540848e-04
6.430149e-04
5.257130e-04
6.463528e-04
6.139278e-04
6.425381e-04
5.550385e-04
5.922318e-04
5.521774e-04
6.396770e-04
5.221367e-04
6.444454e-04
5.555153e-04
6.406307e-04
5.526543e-04
6.422997e-04
5.559921e-04
6.422997e-04
5.145073e-04
5.381107e-04
5.147457e-04
5.738735e-04
6.389618e-04
5.965233e-04
5.452633e-04
6.473064e-04
6.048679e-04
5.552769e-04
5.617142e-04
6.399155e-04
5.240440e-04
6.434917e-04
5.526543e-04
5.786419e-04
5.574226e-04
5.869865e-04
5.590916e-04
6.399155e-04
5.159378e-04
5.500317e-04
5.130768e-04
5.497932e-04
5.192757e-04
6.341934e-04
5.576611e-04
6.361008e-04
5.104542e-04
5.791187e-04
5.564690e-04
5.779266e-04
5.168915e-04
5.297661e-04
5.016327e-04
5.598068e-04
5.037785e-04
5.733967e-04
5.085468e-04
5.855560e-04
6.728172e-04
5.893707e-04
5.588531e-04
5.550385e-04
5.106926e-04
5.826950e-04
6.380081e-04
5.679131e-04
5.216599e-04
6.151199e-04
5.552769e-04
5.826950e-04
5.488396e-04
5.459785e-04
6.709099e-04
6.179810e-04
5.216599e-04
5.426407e-04
5.238056e-04
5.753040e-04
5.159378e-04
5.776882e-04
6.070137e-04
5.533695e-04
6.153584e-04
5.481243e-04
5.018711e-04
6.372929e-04
5.548000e-04
6.408691e-04
6.158352e-04
5.838871e-04
5.640984e-04
5.502701e-04
5.016327e-04
6.015301e-04
5.619526e-04
6.399155e-04
6.182194e-04
5.893707e-04
5.593300e-04
5.486012e-04
6.124973e-04
6.134510e-04
5.197525e-04
6.079674e-04
5.543232e-04
6.136894e-04
5.517006e-04
5.900860e-04
5.543232e-04
6.711483e-04
5.228519e-04
5.834103e-04
6.070137e-04
5.855560e-04
6.685257e-04
5.927086e-04
5.505085e-04
5.524158e-04
6.153584e-04
6.425381e-04
5.540848e-04
6.120205e-04
6.382465e-04
5.867481e-04
4.959106e-04
6.146431e-04
5.002022e-04
5.815029e-04
6.096363e-04
5.784035e-04
5.176067e-04
6.134510e-04
5.540848e-04
6.413460e-04
4.906654e-04
6.160736e-04
5.135536e-04
5.400181e-04
5.276203e-04
5.741119e-04
5.710125e-04
5.517006e-04
5.264282e-04
5.261898e-04
5.221367e-04
6.420612e-04
4.923344e-04
5.428791e-04
5.116463e-04
6.668568e-04
5.545616e-04
7.195473e-04
6.380081e-04
5.548000e-04
5.075932e-04
6.384850e-04
6.072521e-04
6.384850e-04
5.671978e-04
5.841255e-04
5.273819e-04
5.583763e-04
5.106926e-04
6.501675e-04
6.191730e-04
5.695820e-04
5.261898e-04
5.311966e-04
5.569458e-04
5.545616e-04
5.257130e-04
6.449223e-04
5.240440e-04
6.403923e-04
5.607605e-04
5.819798e-04
5.431175e-04
5.934238e-04
5.624294e-04
6.401539e-04
5.207062e-04
6.413460e-04
5.674362e-04
5.791187e-04
5.528927e-04
5.862713e-04
5.514622e-04
6.437302e-04
5.266666e-04
6.456375e-04
5.602837e-04
5.850792e-04
6.160736e-04
5.531311e-04
5.257130e-04
6.186962e-04
5.233288e-04
6.375313e-04
6.070137e-04
5.774498e-04
6.120205e-04
5.810261e-04
5.538464e-04
6.430149e-04
5.264282e-04
6.422997e-04
5.602837e-04
5.767345e-04
5.421638e-04
5.967617e-04
5.495548e-04
6.422997e-04
5.681515e-04
5.409718e-04
4.892349e-04
6.144047e-04
4.856586e-04
5.769730e-04
4.918575e-04
5.893707e-04
5.540848e-04
5.540848e-04
6.165504e-04
6.132126e-04
6.396770e-04
6.086826e-04
5.533695e-04
7.507801e-04
5.505085e-04
6.699562e-04
4.951954e-04
5.488396e-04
5.102158e-04
5.784035e-04
5.156994e-04
6.134510e-04
5.576611e-04
6.432533e-04
5.116463e-04
5.738735e-04
5.233288e-04
5.385876e-04
5.171299e-04
6.279945e-04
5.500317e-04
6.427765e-04
5.145073e-04
5.526543e-04
5.147457e-04
5.426407e-04
5.242825e-04
6.375313e-04
5.514622e-04
6.430149e-04
5.207062e-04
5.509853e-04
5.180836e-04
5.464554e-04
5.171299e-04
6.356239e-04
5.483627e-04
6.392002e-04
6.141663e-04
6.141663e-04
6.370544e-04
6.144047e-04
5.593300e-04
7.512569e-04
5.719662e-04
5.908012e-04
5.574226e-04
5.517006e-04
5.104542e-04
5.831718e-04
5.590916e-04
6.396770e-04
5.564690e-04
6.444454e-04
5.521774e-04
5.562305e-04
4.801750e-04
6.220341e-04
5.238056e-04
5.855560e-04
5.257130e-04
6.468296e-04
6.086826e-04
5.786419e-04
6.160736e-04
5.960464e-04
5.557537e-04
5.555153e-04
5.028248e-04
5.757809e-04
6.096363e-04
6.427765e-04
5.617142e-04
5.531311e-04
5.135536e-04
5.424023e-04
5.247593e-04
5.774498e-04
5.192757e-04
6.351471e-04
5.159378e-04
5.755424e-04
5.557537e-04
5.950928e-04
5.543232e-04
5.526543e-04
6.141663e-04
5.669594e-04
5.681515e-04
5.652905e-04
5.571842e-04
5.550385e-04
5.505085e-04
5.280972e-04
4.985332e-04
5.731583e-04
5.497932e-04
5.781651e-04
5.824566e-04
5.886555e-04
5.574226e-04
5.488396e-04
6.139278e-04
6.232262e-04
6.306171e-04
5.733967e-04
5.602837e-04
5.862713e-04
5.209446e-04
5.471706e-04
6.411076e-04
5.846024e-04
7.188320e-04
6.377697e-04
5.578995e-04
6.442070e-04
5.471706e-04
5.540848e-04
5.667210e-04
5.440712e-04
5.507469e-04
5.433559e-04
5.626678e-04
6.964207e-04
5.548000e-04
6.413460e-04
5.548000e-04
5.187988e-04
5.559921e-04
6.418228e-04
5.490780e-04
6.401539e-04
5.555153e-04
5.421638e-04
5.660057e-04
6.141663e-04
5.199909e-04
5.614758e-04
6.124973e-04
5.578995e-04
5.555153e-04
5.164146e-04
5.683899e-04
6.148815e-04
5.550385e-04
5.469322e-04
5.559921e-04
5.447865e-04
5.640984e-04
6.153584e-04
6.396770e-04
5.500317e-04
5.509853e-04
5.588531e-04
5.495548e-04
5.156994e-04
5.538464e-04
6.396770e-04
5.571842e-04
5.528927e-04
5.543232e-04
5.583763e-04
6.685257e-04
5.621910e-04
5.486012e-04
6.158352e-04
5.528927e-04
6.418228e-04
5.621910e-04
5.512238e-04
5.540848e-04
5.578995e-04
6.687641e-04
5.648136e-04
5.495548e-04
5.507469e-04
5.536079e-04
5.540848e-04
6.675720e-04
5.550385e-04
5.519390e-04
7.147789e-04
5.562305e-04
5.307198e-04
6.365776e-04
5.936623e-04
5.900860e-04
5.760193e-04
6.370544e-04
5.962849e-04
5.884171e-04
5.788803e-04
6.387234e-04
7.567406e-04
5.950928e-04
6.678104e-04
5.903244e-04
6.134510e-04
5.710125e-04
5.178452e-04
5.548000e-04
5.612373e-04
5.812645e-04
5.595684e-04
5.939007e-04
5.419254e-04
6.458759e-04
6.093979e-04
5.223751e-04
5.431175e-04
5.645752e-04
5.481243e-04
