2.624989e-04
2.200603e-04
2.207756e-04
2.231598e-04
1.692772e-04
1.595020e-04
1.885891e-04
1.602173e-04
1.564026e-04
1.533031e-04
1.888275e-04
1.590252e-04
1.597404e-04
1.525879e-04
1.864433e-04
1.583099e-04
1.630783e-04
1.533031e-04
1.869202e-04
1.626015e-04
1.623631e-04
1.537800e-04
1.904964e-04
1.657009e-04
1.649857e-04
1.521111e-04
1.857281e-04
1.657009e-04
1.606941e-04
1.525879e-04
1.895428e-04
1.645088e-04
1.647472e-04
1.559258e-04
1.888275e-04
1.654625e-04
1.645088e-04
1.535416e-04
1.928806e-04
1.642704e-04
1.649857e-04
1.556873e-04
1.852512e-04
1.640320e-04
1.647472e-04
1.542568e-04
1.852512e-04
1.764297e-04
1.628399e-04
1.568794e-04
1.926422e-04
1.623631e-04
1.509190e-04
1.828671e-04
1.566410e-04
1.590252e-04
1.487732e-04
1.597404e-04
1.583099e-04
1.440048e-04
1.776218e-04
1.554489e-04
1.578331e-04
1.430511e-04
1.778603e-04
1.592636e-04
1.564026e-04
1.428127e-04
1.800060e-04
1.599789e-04
1.556873e-04
1.425743e-04
1.800060e-04
1.659393e-04
1.559258e-04
1.459122e-04
1.788139e-04
1.533031e-04
1.566410e-04
1.459122e-04
1.807213e-04
1.592636e-04
1.559258e-04
1.435280e-04
1.761913e-04
1.599789e-04
1.568794e-04
1.442432e-04
1.802444e-04
1.585484e-04
1.578331e-04
1.454353e-04
2.231598e-04
2.191067e-04
2.217293e-04
2.176762e-04
2.210140e-04
2.202988e-04
2.150536e-04
2.167225e-04
2.162457e-04
2.133846e-04
2.148151e-04
2.169609e-04
2.174377e-04
2.169609e-04
2.174377e-04
2.174377e-04
2.174377e-04
2.181530e-04
2.150536e-04
2.157688e-04
2.150536e-04
2.160072e-04
2.174377e-04
2.176762e-04
2.214909e-04
1.626015e-04
1.649857e-04
1.559258e-04
1.657009e-04
1.547337e-04
1.642704e-04
1.528263e-04
1.618862e-04
1.530647e-04
1.630783e-04
1.552105e-04
1.645088e-04
1.559258e-04
1.645088e-04
1.525879e-04
1.654625e-04
1.568794e-04
1.645088e-04
1.521111e-04
1.628399e-04
1.571178e-04
1.654625e-04
1.530647e-04
1.599789e-04
1.568794e-04
1.649857e-04
1.556873e-04
1.642704e-04
1.597404e-04
1.614094e-04
1.785755e-04
1.494884e-04
1.761913e-04
1.564026e-04
1.771450e-04
1.556873e-04
1.823902e-04
1.552105e-04
1.792908e-04
1.547337e-04
1.840591e-04
1.549721e-04
1.797676e-04
1.544952e-04
1.819134e-04
1.564026e-04
1.831055e-04
1.564026e-04
1.785755e-04
1.556873e-04
1.788139e-04
1.616478e-04
1.826286e-04
1.559258e-04
1.797676e-04
1.595020e-04
1.797676e-04
1.542568e-04
1.757145e-04
1.564026e-04
1.771450e-04
1.568794e-04
1.788139e-04
1.592636e-04
1.828671e-04
1.559258e-04
1.788139e-04
1.583099e-04
1.823902e-04
1.547337e-04
1.795292e-04
1.566410e-04
1.840591e-04
1.585484e-04
1.807213e-04
1.568794e-04
1.838207e-04
1.568794e-04
1.795292e-04
1.559258e-04
1.800060e-04
1.564026e-04
1.821518e-04
1.554489e-04
1.792908e-04
1.544952e-04
1.792908e-04
1.566410e-04
1.804829e-04
1.559258e-04
1.776218e-04
1.580715e-04
1.792908e-04
1.561642e-04
1.831055e-04
1.561642e-04
1.804829e-04
1.561642e-04
1.785755e-04
1.566410e-04
1.800060e-04
1.559258e-04
1.802444e-04
1.552105e-04
1.828671e-04
1.549721e-04
1.943111e-04
1.554489e-04
1.797676e-04
1.542568e-04
1.764297e-04
1.556873e-04
1.828671e-04
1.566410e-04
1.788139e-04
1.554489e-04
1.754761e-04
1.571178e-04
1.792908e-04
1.585484e-04
1.809597e-04
1.573563e-04
1.761913e-04
1.566410e-04
1.761913e-04
1.564026e-04
1.785755e-04
1.568794e-04
1.802444e-04
1.556873e-04
1.785755e-04
1.566410e-04
1.835823e-04
1.568794e-04
1.800060e-04
1.564026e-04
1.757145e-04
1.554489e-04
1.811981e-04
1.547337e-04
1.766682e-04
1.571178e-04
1.800060e-04
1.566410e-04
1.795292e-04
1.559258e-04
1.797676e-04
1.552105e-04
1.759529e-04
1.559258e-04
1.802444e-04
1.530647e-04
1.764297e-04
1.533031e-04
1.759529e-04
1.578331e-04
1.766682e-04
1.549721e-04
1.804829e-04
1.549721e-04
1.785755e-04
1.549721e-04
1.773834e-04
1.564026e-04
1.809597e-04
1.595020e-04
1.802444e-04
1.556873e-04
1.771450e-04
1.523495e-04
1.769066e-04
1.559258e-04
1.773834e-04
1.549721e-04
1.797676e-04
1.561642e-04
1.819134e-04
1.564026e-04
1.769066e-04
1.554489e-04
1.761913e-04
1.549721e-04
1.833439e-04
1.528263e-04
1.735687e-04
1.549721e-04
1.788139e-04
1.559258e-04
1.773834e-04
1.556873e-04
1.807213e-04
1.568794e-04
1.785755e-04
1.561642e-04
1.833439e-04
1.571178e-04
1.757145e-04
1.621246e-04
1.807213e-04
1.628399e-04
1.430511e-04
1.614094e-04
1.554489e-04
1.440048e-04
1.766682e-04
1.554489e-04
1.552105e-04
1.466274e-04
1.780987e-04
1.609325e-04
1.549721e-04
1.499653e-04
1.766682e-04
1.547337e-04
1.566410e-04
1.440048e-04
1.804829e-04
1.556873e-04
1.530647e-04
1.537800e-04
1.776218e-04
1.566410e-04
1.540184e-04
1.473427e-04
1.764297e-04
1.564026e-04
1.564026e-04
1.461506e-04
1.809597e-04
1.561642e-04
1.599789e-04
1.440048e-04
1.761913e-04
1.616478e-04
1.566410e-04
1.466274e-04
1.797676e-04
1.566410e-04
1.549721e-04
1.442432e-04
1.821518e-04
1.571178e-04
1.566410e-04
1.437664e-04
1.800060e-04
1.554489e-04
1.583099e-04
1.478195e-04
1.795292e-04
1.614094e-04
1.559258e-04
1.440048e-04
1.776218e-04
1.564026e-04
1.559258e-04
1.442432e-04
1.780987e-04
1.573563e-04
1.604557e-04
1.444817e-04
1.788139e-04
1.595020e-04
1.564026e-04
1.442432e-04
1.797676e-04
1.583099e-04
1.568794e-04
1.440048e-04
1.807213e-04
1.583099e-04
1.571178e-04
1.459122e-04
1.759529e-04
1.540184e-04
1.564026e-04
1.425743e-04
1.819134e-04
1.604557e-04
1.573563e-04
1.442432e-04
1.771450e-04
1.618862e-04
1.552105e-04
1.463890e-04
1.752377e-04
1.585484e-04
1.566410e-04
1.456738e-04
1.728535e-04
1.657009e-04
1.566410e-04
1.432896e-04
1.792908e-04
1.616478e-04
1.564026e-04
1.435280e-04
1.771450e-04
1.575947e-04
1.556873e-04
1.800060e-04
1.571178e-04
1.795292e-04
1.552105e-04
1.778603e-04
1.549721e-04
1.802444e-04
1.556873e-04
1.759529e-04
1.556873e-04
1.761913e-04
1.597404e-04
1.773834e-04
1.559258e-04
1.749992e-04
1.571178e-04
1.790524e-04
1.590252e-04
1.759529e-04
1.523495e-04
1.757145e-04
1.556873e-04
1.757145e-04
1.561642e-04
1.807213e-04
1.583099e-04
1.759529e-04
1.568794e-04
1.788139e-04
1.580715e-04
1.800060e-04
1.566410e-04
1.776218e-04
1.568794e-04
1.792908e-04
1.571178e-04
1.790524e-04
1.554489e-04
1.792908e-04
1.568794e-04
1.757145e-04
1.544952e-04
1.776218e-04
1.561642e-04
1.759529e-04
1.542568e-04
1.766682e-04
1.559258e-04
1.780987e-04
1.523495e-04
1.764297e-04
1.559258e-04
1.773834e-04
1.559258e-04
1.759529e-04
1.578331e-04
1.776218e-04
1.568794e-04
1.792908e-04
1.547337e-04
1.776218e-04
1.556873e-04
1.761913e-04
1.530647e-04
1.807213e-04
1.554489e-04
1.780987e-04
1.568794e-04
1.761913e-04
1.559258e-04
1.788139e-04
1.561642e-04
1.802444e-04
1.552105e-04
1.764297e-04
1.566410e-04
1.795292e-04
1.554489e-04
1.773834e-04
1.561642e-04
1.795292e-04
1.585484e-04
1.804829e-04
1.564026e-04
1.773834e-04
1.559258e-04
1.811981e-04
1.552105e-04
1.790524e-04
1.564026e-04
1.800060e-04
1.561642e-04
1.797676e-04
1.542568e-04
1.802444e-04
1.540184e-04
1.790524e-04
1.556873e-04
1.831055e-04
1.564026e-04
1.773834e-04
1.547337e-04
1.807213e-04
1.528263e-04
1.788139e-04
1.556873e-04
1.797676e-04
1.564026e-04
1.804829e-04
1.564026e-04
1.802444e-04
1.585484e-04
1.778603e-04
1.554489e-04
1.807213e-04
1.559258e-04
1.776218e-04
1.549721e-04
1.776218e-04
1.564026e-04
1.828671e-04
1.564026e-04
1.792908e-04
1.547337e-04
1.802444e-04
1.566410e-04
1.769066e-04
1.549721e-04
1.778603e-04
1.552105e-04
1.759529e-04
1.585484e-04
1.790524e-04
1.556873e-04
1.776218e-04
1.564026e-04
1.816750e-04
1.509190e-04
2.188683e-04
2.143383e-04
2.181530e-04
2.191067e-04
2.179146e-04
2.145767e-04
2.183914e-04
2.202988e-04
1.957417e-04
1.626015e-04
1.900196e-04
1.633167e-04
1.900196e-04
1.645088e-04
1.862049e-04
1.633167e-04
1.900196e-04
1.645088e-04
1.885891e-04
1.657009e-04
1.888275e-04
1.611710e-04
1.866817e-04
1.628399e-04
1.871586e-04
1.616478e-04
1.883507e-04
1.609325e-04
1.831055e-04
1.604557e-04
1.926422e-04
1.649857e-04
1.871586e-04
1.654625e-04
1.888275e-04
1.580715e-04
1.926422e-04
1.647472e-04
1.895428e-04
1.597404e-04
1.852512e-04
1.657009e-04
1.862049e-04
1.623631e-04
1.893044e-04
1.647472e-04
1.845360e-04
1.621246e-04
1.900196e-04
1.609325e-04
1.933575e-04
1.618862e-04
1.914501e-04
1.654625e-04
1.900196e-04
1.645088e-04
1.890659e-04
1.657009e-04
1.845360e-04
1.649857e-04
1.881123e-04
1.623631e-04
1.862049e-04
1.616478e-04
1.833439e-04
1.630783e-04
1.885891e-04
1.640320e-04
1.893044e-04
1.680851e-04
1.864433e-04
1.590252e-04
1.814365e-04
1.604557e-04
1.900196e-04
1.654625e-04
1.888275e-04
1.616478e-04
1.552105e-04
1.895428e-04
1.649857e-04
1.649857e-04
1.642704e-04
1.897812e-04
1.611710e-04
1.626015e-04
1.521111e-04
1.866817e-04
1.621246e-04
1.645088e-04
1.518726e-04
1.928806e-04
1.647472e-04
1.626015e-04
1.521111e-04
1.916885e-04
1.618862e-04
1.652241e-04
1.533031e-04
1.878738e-04
1.645088e-04
1.621246e-04
1.485348e-04
1.902580e-04
1.649857e-04
1.652241e-04
1.513958e-04
1.869202e-04
1.654625e-04
1.735687e-04
1.502037e-04
1.883507e-04
1.647472e-04
1.654625e-04
1.521111e-04
1.907349e-04
1.647472e-04
1.623631e-04
1.523495e-04
1.893044e-04
1.640320e-04
1.649857e-04
1.516342e-04
1.859665e-04
1.645088e-04
1.621246e-04
1.578331e-04
1.840591e-04
1.616478e-04
1.661777e-04
1.537800e-04
1.866817e-04
1.654625e-04
1.621246e-04
1.509190e-04
1.890659e-04
1.640320e-04
1.654625e-04
1.554489e-04
1.869202e-04
1.690388e-04
1.647472e-04
1.564026e-04
1.888275e-04
1.616478e-04
1.623631e-04
1.530647e-04
1.850128e-04
1.628399e-04
1.628399e-04
1.518726e-04
1.862049e-04
1.659393e-04
1.642704e-04
1.521111e-04
1.888275e-04
1.752377e-04
1.637936e-04
1.554489e-04
1.878738e-04
1.604557e-04
1.616478e-04
1.566410e-04
1.916885e-04
1.630783e-04
1.676083e-04
1.578331e-04
1.862049e-04
1.657009e-04
1.652241e-04
1.521111e-04
1.897812e-04
1.602173e-04
1.616478e-04
1.471043e-04
1.850128e-04
1.580715e-04
1.492500e-04
1.645088e-04
1.542568e-04
1.652241e-04
1.561642e-04
1.578331e-04
1.566410e-04
1.623631e-04
1.535416e-04
1.633167e-04
1.521111e-04
1.590252e-04
1.559258e-04
1.642704e-04
1.497269e-04
1.690388e-04
1.487732e-04
1.628399e-04
1.525879e-04
1.659393e-04
1.535416e-04
1.647472e-04
1.475811e-04
1.657009e-04
1.523495e-04
1.630783e-04
1.537800e-04
1.618862e-04
1.535416e-04
1.645088e-04
1.554489e-04
1.599789e-04
1.525879e-04
1.654625e-04
1.487732e-04
1.649857e-04
1.480579e-04
1.666546e-04
1.537800e-04
1.645088e-04
1.552105e-04
1.659393e-04
1.454353e-04
1.659393e-04
1.513958e-04
1.623631e-04
1.535416e-04
1.642704e-04
1.516342e-04
1.645088e-04
1.525879e-04
1.606941e-04
1.561642e-04
1.654625e-04
1.521111e-04
1.640320e-04
1.523495e-04
1.645088e-04
1.530647e-04
1.652241e-04
1.516342e-04
1.568794e-04
1.518726e-04
1.587868e-04
1.564026e-04
1.633167e-04
1.521111e-04
1.645088e-04
1.540184e-04
1.661777e-04
1.530647e-04
1.661777e-04
1.528263e-04
1.630783e-04
1.566410e-04
1.647472e-04
1.459122e-04
1.654625e-04
1.523495e-04
1.623631e-04
1.478195e-04
1.659393e-04
1.518726e-04
1.678467e-04
1.459122e-04
1.628399e-04
1.590252e-04
1.630783e-04
1.528263e-04
1.678467e-04
1.523495e-04
1.642704e-04
1.530647e-04
1.611710e-04
1.471043e-04
1.587868e-04
1.566410e-04
1.606941e-04
1.523495e-04
1.645088e-04
1.561642e-04
1.659393e-04
1.513958e-04
1.614094e-04
1.518726e-04
1.583099e-04
1.525879e-04
1.659393e-04
1.518726e-04
1.614094e-04
1.504421e-04
1.642704e-04
1.518726e-04
1.611710e-04
1.530647e-04
1.649857e-04
1.521111e-04
1.626015e-04
1.533031e-04
1.661777e-04
1.523495e-04
1.649857e-04
1.535416e-04
1.649857e-04
1.497269e-04
1.626015e-04
1.559258e-04
1.578331e-04
1.528263e-04
1.599789e-04
1.559258e-04
1.657009e-04
1.494884e-04
1.647472e-04
1.504421e-04
1.628399e-04
1.554489e-04
1.654625e-04
1.554489e-04
1.609325e-04
1.521111e-04
1.642704e-04
1.568794e-04
1.649857e-04
1.516342e-04
1.645088e-04
1.542568e-04
1.654625e-04
1.566410e-04
1.611710e-04
1.568794e-04
1.602173e-04
1.554489e-04
1.642704e-04
1.564026e-04
1.647472e-04
1.552105e-04
1.647472e-04
1.518726e-04
1.657009e-04
1.513958e-04
1.647472e-04
1.525879e-04
1.630783e-04
1.561642e-04
1.628399e-04
1.568794e-04
1.654625e-04
1.528263e-04
1.654625e-04
1.521111e-04
1.623631e-04
1.552105e-04
1.606941e-04
1.566410e-04
1.657009e-04
1.518726e-04
1.630783e-04
1.525879e-04
1.640320e-04
1.494884e-04
1.635551e-04
1.547337e-04
1.621246e-04
1.497269e-04
1.642704e-04
1.559258e-04
1.578331e-04
1.881123e-04
1.566410e-04
1.797676e-04
1.561642e-04
1.788139e-04
1.549721e-04
1.764297e-04
1.549721e-04
1.788139e-04
1.556873e-04
1.835823e-04
1.585484e-04
1.800060e-04
1.554489e-04
1.859665e-04
1.556873e-04
1.821518e-04
1.554489e-04
1.728535e-04
1.568794e-04
1.826286e-04
1.564026e-04
1.769066e-04
1.544952e-04
1.790524e-04
1.554489e-04
1.795292e-04
1.559258e-04
1.425743e-04
1.802444e-04
1.566410e-04
1.635551e-04
1.502037e-04
1.776218e-04
1.518726e-04
1.566410e-04
1.459122e-04
1.761913e-04
1.597404e-04
1.502037e-04
1.776218e-04
1.552105e-04
1.556873e-04
1.428127e-04
1.809597e-04
1.585484e-04
1.564026e-04
1.494884e-04
1.778603e-04
1.549721e-04
1.566410e-04
1.442432e-04
1.795292e-04
1.599789e-04
1.552105e-04
1.440048e-04
1.785755e-04
1.554489e-04
1.542568e-04
1.461506e-04
1.759529e-04
1.595020e-04
1.568794e-04
1.442432e-04
1.800060e-04
1.566410e-04
1.559258e-04
1.456738e-04
1.759529e-04
1.590252e-04
1.566410e-04
1.442432e-04
1.800060e-04
1.585484e-04
1.568794e-04
1.459122e-04
1.804829e-04
1.568794e-04
1.571178e-04
1.432896e-04
1.802444e-04
