5.042553e-04
3.557205e-04
3.147125e-04
3.449917e-04
3.082752e-04
3.509521e-04
2.758503e-04
3.166199e-04
3.089905e-04
3.485680e-04
3.116131e-04
3.435612e-04
3.075600e-04
3.485680e-04
2.758503e-04
3.170967e-04
3.077984e-04
3.442764e-04
3.011227e-04
3.464222e-04
3.120899e-04
3.411770e-04
2.722740e-04
3.144741e-04
3.042221e-04
3.454685e-04
3.046989e-04
3.471375e-04
3.106594e-04
3.464222e-04
2.732277e-04
3.163815e-04
3.042221e-04
3.428459e-04
3.075600e-04
3.430843e-04
3.161430e-04
3.411770e-04
2.725124e-04
3.139973e-04
3.111362e-04
3.423691e-04
3.046989e-04
3.416538e-04
3.125668e-04
3.452301e-04
2.722740e-04
3.142357e-04
3.077984e-04
3.440380e-04
3.049374e-04
3.468990e-04
3.066063e-04
3.449917e-04
3.011227e-04
4.928112e-04
3.092289e-04
3.075600e-04
3.421307e-04
2.789497e-04
3.135204e-04
3.080368e-04
3.385544e-04
3.073215e-04
3.426075e-04
3.113747e-04
3.449917e-04
2.884865e-04
3.161430e-04
3.154278e-04
3.426075e-04
3.106594e-04
3.426075e-04
3.058910e-04
3.392696e-04
2.770424e-04
3.142357e-04
3.068447e-04
3.483295e-04
3.130436e-04
3.383160e-04
3.013611e-04
3.454685e-04
2.794266e-04
3.106594e-04
3.054142e-04
3.423691e-04
3.111362e-04
3.418922e-04
3.056526e-04
3.476143e-04
2.722740e-04
3.137589e-04
3.077984e-04
3.421307e-04
3.046989e-04
3.032684e-04
3.190041e-04
3.459454e-04
3.166199e-04
3.452301e-04
3.211498e-04
3.139973e-04
3.399849e-04
3.459454e-04
3.285408e-04
3.168583e-04
3.383160e-04
3.407001e-04
3.168583e-04
3.149509e-04
3.414154e-04
3.457069e-04
3.194809e-04
3.154278e-04
3.409386e-04
3.421307e-04
3.211498e-04
3.132820e-04
3.409386e-04
3.418922e-04
3.168583e-04
3.139973e-04
3.449917e-04
3.430843e-04
3.201962e-04
3.139973e-04
3.416538e-04
3.437996e-04
3.175735e-04
3.118515e-04
3.397465e-04
3.404617e-04
3.173351e-04
3.175735e-04
3.423691e-04
3.452301e-04
3.221035e-04
3.144741e-04
3.423691e-04
3.447533e-04
3.168583e-04
3.170967e-04
3.397465e-04
3.426075e-04
3.206730e-04
3.147125e-04
3.380775e-04
3.488064e-04
3.178120e-04
3.144741e-04
3.402233e-04
3.490448e-04
3.201962e-04
3.139973e-04
3.423691e-04
3.421307e-04
3.223419e-04
3.170967e-04
3.397465e-04
3.521442e-04
3.197193e-04
3.139973e-04
3.461838e-04
3.454685e-04
3.192425e-04
3.151894e-04
3.504753e-04
3.440380e-04
3.199577e-04
3.144741e-04
3.461838e-04
3.454685e-04
3.182888e-04
3.180504e-04
3.418922e-04
3.452301e-04
3.199577e-04
3.147125e-04
3.452301e-04
3.495216e-04
3.273487e-04
3.144741e-04
3.452301e-04
3.464222e-04
3.197193e-04
3.139973e-04
3.395081e-04
3.421307e-04
3.201962e-04
3.147125e-04
3.461838e-04
3.423691e-04
3.194809e-04
3.130436e-04
3.449917e-04
3.061295e-04
3.106594e-04
3.039837e-04
3.449917e-04
3.044605e-04
3.421307e-04
3.044605e-04
3.144741e-04
2.727509e-04
3.423691e-04
3.073215e-04
3.418922e-04
3.054142e-04
3.426075e-04
3.056526e-04
3.101826e-04
2.763271e-04
3.459454e-04
3.075600e-04
3.457069e-04
3.037453e-04
3.390312e-04
3.085136e-04
3.139973e-04
2.715588e-04
3.395081e-04
3.123283e-04
3.457069e-04
3.013611e-04
3.421307e-04
3.077984e-04
3.108978e-04
2.725124e-04
3.485680e-04
3.106594e-04
3.414154e-04
3.042221e-04
3.414154e-04
3.073215e-04
3.147125e-04
2.803802e-04
3.488064e-04
3.020763e-04
3.428459e-04
3.075600e-04
3.428459e-04
3.027916e-04
3.142357e-04
2.729893e-04
3.473759e-04
3.073215e-04
3.459454e-04
3.054142e-04
3.490448e-04
3.170967e-04
3.135204e-04
2.696514e-04
3.495216e-04
3.042221e-04
3.421307e-04
3.080368e-04
3.449917e-04
3.178120e-04
3.497601e-04
3.080368e-04
3.104210e-04
2.729893e-04
3.411770e-04
3.051758e-04
3.471375e-04
3.061295e-04
3.399849e-04
3.111362e-04
3.159046e-04
2.698898e-04
3.421307e-04
3.035069e-04
3.414154e-04
3.046989e-04
3.430843e-04
3.123283e-04
3.144741e-04
2.787113e-04
3.418922e-04
3.094673e-04
3.421307e-04
3.080368e-04
3.411770e-04
3.044605e-04
3.142357e-04
2.717972e-04
3.440380e-04
3.077984e-04
3.426075e-04
3.056526e-04
3.421307e-04
3.125668e-04
3.478527e-04
3.135204e-04
3.144741e-04
2.732277e-04
3.449917e-04
3.049374e-04
3.499985e-04
3.035069e-04
3.392696e-04
3.042221e-04
3.132820e-04
2.734661e-04
3.409386e-04
3.073215e-04
3.507137e-04
3.037453e-04
3.409386e-04
3.042221e-04
3.190041e-04
2.732277e-04
3.423691e-04
3.056526e-04
3.471375e-04
3.082752e-04
3.457069e-04
3.035069e-04
3.454685e-04
2.708435e-04
3.137589e-04
3.080368e-04
3.421307e-04
3.075600e-04
3.445148e-04
3.030300e-04
3.483295e-04
2.760887e-04
3.111362e-04
3.128052e-04
3.423691e-04
3.035069e-04
3.433228e-04
3.051758e-04
3.392696e-04
2.758503e-04
3.244877e-04
3.173351e-04
3.414154e-04
3.042221e-04
3.426075e-04
3.108978e-04
3.392696e-04
2.737045e-04
3.154278e-04
3.104210e-04
3.392696e-04
3.051758e-04
3.454685e-04
3.046989e-04
3.433228e-04
2.753735e-04
3.149509e-04
3.011227e-04
3.445148e-04
3.039837e-04
3.442764e-04
3.104210e-04
3.442764e-04
2.720356e-04
3.623962e-04
3.070831e-04
3.426075e-04
3.039837e-04
3.426075e-04
3.066063e-04
3.409386e-04
2.698898e-04
3.197193e-04
3.051758e-04
3.414154e-04
3.032684e-04
3.426075e-04
3.235340e-04
3.459454e-04
3.197193e-04
3.421307e-04
3.204346e-04
3.440380e-04
3.201962e-04
3.418922e-04
3.199577e-04
3.433228e-04
3.204346e-04
3.414154e-04
3.204346e-04
3.423691e-04
3.180504e-04
3.423691e-04
3.175735e-04
3.464222e-04
3.180504e-04
3.392696e-04
3.170967e-04
3.395081e-04
3.254414e-04
3.449917e-04
3.199577e-04
3.426075e-04
3.206730e-04
3.411770e-04
3.204346e-04
3.488064e-04
3.194809e-04
3.416538e-04
3.221035e-04
3.428459e-04
3.201962e-04
3.545284e-04
3.197193e-04
3.442764e-04
3.197193e-04
3.385544e-04
3.232956e-04
3.163815e-04
3.421307e-04
3.385544e-04
3.173351e-04
3.168583e-04
3.464222e-04
3.454685e-04
3.206730e-04
3.185272e-04
3.092289e-04
3.051758e-04
3.135204e-04
2.715588e-04
3.390312e-04
3.039837e-04
3.399849e-04
3.063679e-04
3.449917e-04
3.042221e-04
3.149509e-04
3.144741e-04
3.013611e-04
2.698898e-04
3.442764e-04
3.058910e-04
3.433228e-04
3.066063e-04
3.426075e-04
3.073215e-04
3.128052e-04
2.706051e-04
3.461838e-04
3.077984e-04
3.426075e-04
3.058910e-04
3.402233e-04
3.082752e-04
3.147125e-04
2.698898e-04
3.483295e-04
3.197193e-04
3.149509e-04
3.478527e-04
3.013611e-04
3.416538e-04
3.013611e-04
3.125668e-04
2.732277e-04
3.428459e-04
3.046989e-04
3.416538e-04
3.139973e-04
3.559589e-04
3.004074e-04
3.144741e-04
2.763271e-04
3.423691e-04
3.054142e-04
3.414154e-04
3.075600e-04
3.197193e-04
3.061295e-04
3.070831e-04
3.111362e-04
2.696514e-04
3.395081e-04
3.018379e-04
3.464222e-04
3.070831e-04
3.433228e-04
3.247261e-04
3.130436e-04
2.725124e-04
3.457069e-04
3.073215e-04
3.421307e-04
3.077984e-04
3.430843e-04
3.104210e-04
3.123283e-04
2.803802e-04
3.378391e-04
3.073215e-04
3.554821e-04
3.054142e-04
3.488064e-04
3.049374e-04
3.154278e-04
2.720356e-04
3.426075e-04
3.104210e-04
3.480911e-04
3.039837e-04
3.466606e-04
3.082752e-04
3.130436e-04
2.725124e-04
3.437996e-04
2.760887e-04
3.557205e-04
3.068447e-04
3.492832e-04
3.063679e-04
3.423691e-04
3.056526e-04
3.139973e-04
2.760887e-04
3.452301e-04
3.080368e-04
3.449917e-04
3.023148e-04
3.428459e-04
3.058910e-04
3.170967e-04
2.729893e-04
3.442764e-04
3.073215e-04
3.440380e-04
3.049374e-04
3.452301e-04
3.044605e-04
3.135204e-04
2.751350e-04
3.416538e-04
3.058910e-04
3.423691e-04
3.044605e-04
3.416538e-04
3.020763e-04
3.120899e-04
2.753735e-04
3.447533e-04
3.128052e-04
3.426075e-04
3.080368e-04
3.464222e-04
3.092289e-04
3.132820e-04
3.964901e-04
3.464222e-04
3.099442e-04
3.430843e-04
3.073215e-04
3.418922e-04
3.113747e-04
3.137589e-04
3.237724e-04
3.488064e-04
3.108978e-04
2.636909e-04
3.437996e-04
3.077984e-04
3.454685e-04
3.077984e-04
3.137589e-04
2.791882e-04
3.414154e-04
3.068447e-04
3.414154e-04
3.046989e-04
3.426075e-04
3.068447e-04
3.108978e-04
3.094673e-04
2.880096e-04
3.416538e-04
3.421307e-04
3.194809e-04
3.163815e-04
3.430843e-04
3.416538e-04
3.197193e-04
3.166199e-04
3.416538e-04
3.404617e-04
3.223419e-04
3.132820e-04
3.204346e-04
3.073215e-04
3.418922e-04
3.128052e-04
4.928112e-04
3.099442e-04
3.073215e-04
3.139973e-04
3.104210e-04
3.521442e-04
2.713203e-04
3.426075e-04
3.063679e-04
3.416538e-04
3.070831e-04
3.418922e-04
3.130436e-04
3.175735e-04
2.727509e-04
3.433228e-04
3.015995e-04
3.452301e-04
3.161430e-04
3.395081e-04
3.037453e-04
3.151894e-04
2.763271e-04
3.478527e-04
3.068447e-04
3.540516e-04
3.073215e-04
3.414154e-04
3.085136e-04
3.094673e-04
2.722740e-04
3.430843e-04
3.032684e-04
3.457069e-04
3.075600e-04
3.426075e-04
3.111362e-04
3.023148e-04
3.263950e-04
3.004074e-04
3.418922e-04
3.387928e-04
3.399849e-04
3.468990e-04
3.464222e-04
3.402233e-04
3.421307e-04
3.418922e-04
3.440380e-04
3.459454e-04
3.423691e-04
3.452301e-04
3.423691e-04
3.461838e-04
3.430843e-04
3.409386e-04
3.457069e-04
3.421307e-04
3.399849e-04
3.452301e-04
3.435612e-04
3.423691e-04
3.402233e-04
3.390312e-04
3.521442e-04
3.418922e-04
3.414154e-04
3.504753e-04
3.399849e-04
3.433228e-04
3.421307e-04
3.421307e-04
3.409386e-04
3.395081e-04
3.421307e-04
3.559589e-04
3.414154e-04
3.418922e-04
3.454685e-04
3.435612e-04
3.395081e-04
3.435612e-04
3.385544e-04
2.670288e-04
3.242493e-04
3.144741e-04
3.130436e-04
3.197193e-04
3.125668e-04
3.151894e-04
3.244877e-04
3.137589e-04
3.137589e-04
3.123283e-04
3.304482e-04
3.166199e-04
3.249645e-04
3.142357e-04
3.156662e-04
3.156662e-04
3.254414e-04
3.154278e-04
3.259182e-04
3.213882e-04
3.128052e-04
3.142357e-04
3.261566e-04
3.137589e-04
3.249645e-04
3.128052e-04
3.230572e-04
3.137589e-04
3.273487e-04
3.166199e-04
3.263950e-04
3.166199e-04
3.244877e-04
3.147125e-04
3.252029e-04
3.175735e-04
3.118515e-04
3.237724e-04
3.077984e-04
3.144741e-04
3.142357e-04
3.135204e-04
3.201962e-04
3.132820e-04
3.242493e-04
3.149509e-04
3.235340e-04
3.137589e-04
3.232956e-04
3.144741e-04
3.139973e-04
3.433228e-04
3.199577e-04
3.113747e-04
3.204346e-04
3.135204e-04
3.423691e-04
3.483295e-04
3.209114e-04
3.147125e-04
3.392696e-04
3.600121e-04
3.199577e-04
3.166199e-04
3.449917e-04
3.445148e-04
3.166199e-04
3.180504e-04
3.459454e-04
3.423691e-04
3.197193e-04
3.135204e-04
3.392696e-04
3.454685e-04
3.180504e-04
3.173351e-04
3.461838e-04
3.409386e-04
3.190041e-04
3.166199e-04
3.430843e-04
3.395081e-04
3.199577e-04
3.640652e-04
3.497601e-04
3.428459e-04
3.204346e-04
3.168583e-04
3.440380e-04
3.426075e-04
3.180504e-04
3.142357e-04
3.426075e-04
3.433228e-04
3.190041e-04
3.178120e-04
3.402233e-04
3.428459e-04
3.175735e-04
3.161430e-04
3.411770e-04
3.428459e-04
3.232956e-04
3.175735e-04
3.418922e-04
3.426075e-04
3.206730e-04
3.173351e-04
3.454685e-04
3.073215e-04
3.445148e-04
3.070831e-04
3.142357e-04
2.739429e-04
3.407001e-04
3.108978e-04
3.418922e-04
3.051758e-04
3.418922e-04
3.104210e-04
3.135204e-04
2.729893e-04
3.495216e-04
3.070831e-04
3.414154e-04
3.063679e-04
3.426075e-04
3.073215e-04
3.249645e-04
2.734661e-04
3.502369e-04
3.039837e-04
3.390312e-04
3.046989e-04
3.433228e-04
3.080368e-04
3.104210e-04
2.725124e-04
3.485680e-04
3.099442e-04
3.437996e-04
3.101826e-04
3.435612e-04
3.046989e-04
3.135204e-04
2.732277e-04
3.488064e-04
3.077984e-04
3.421307e-04
3.077984e-04
3.454685e-04
3.073215e-04
3.118515e-04
2.758503e-04
3.426075e-04
3.058910e-04
3.414154e-04
3.070831e-04
3.459454e-04
3.046989e-04
3.142357e-04
2.796650e-04
3.454685e-04
3.039837e-04
3.423691e-04
3.080368e-04
3.457069e-04
3.066063e-04
3.137589e-04
2.856255e-04
3.437996e-04
3.058910e-04
3.542900e-04
3.159046e-04
4.911423e-04
3.104210e-04
3.070831e-04
3.538132e-04
3.087521e-04
3.144741e-04
2.853870e-04
3.466606e-04
3.070831e-04
3.426075e-04
3.058910e-04
3.426075e-04
3.139973e-04
3.142357e-04
2.753735e-04
3.464222e-04
3.042221e-04
3.423691e-04
3.051758e-04
3.404617e-04
3.097057e-04
3.106594e-04
2.710819e-04
3.414154e-04
3.035069e-04
3.390312e-04
3.042221e-04
3.428459e-04
3.068447e-04
3.132820e-04
2.691746e-04
3.433228e-04
3.044605e-04
3.416538e-04
3.030300e-04
3.411770e-04
3.075600e-04
3.139973e-04
2.696514e-04
3.421307e-04
3.046989e-04
3.433228e-04
3.037453e-04
3.423691e-04
3.073215e-04
3.614426e-04
2.725124e-04
3.418922e-04
3.044605e-04
3.437996e-04
3.111362e-04
3.464222e-04
3.044605e-04
3.101826e-04
2.729893e-04
3.461838e-04
3.020763e-04
3.426075e-04
3.006458e-04
3.418922e-04
3.097057e-04
3.154278e-04
2.694130e-04
3.433228e-04
3.044605e-04
3.414154e-04
3.015995e-04
3.483295e-04
3.073215e-04
3.106594e-04
2.734661e-04
3.395081e-04
3.023148e-04
3.416538e-04
3.039837e-04
3.490448e-04
3.111362e-04
3.108978e-04
2.760887e-04
3.395081e-04
3.035069e-04
3.430843e-04
3.113747e-04
3.566742e-04
3.132820e-04
4.894733e-04
3.232956e-04
3.395081e-04
3.204346e-04
3.430843e-04
3.139973e-04
3.521442e-04
3.190041e-04
3.459454e-04
3.182888e-04
3.407001e-04
3.197193e-04
3.416538e-04
3.292561e-04
3.426075e-04
3.206730e-04
3.423691e-04
3.204346e-04
3.423691e-04
3.197193e-04
3.428459e-04
3.206730e-04
3.457069e-04
3.170967e-04
3.430843e-04
3.204346e-04
3.397465e-04
3.201962e-04
2.977848e-04
3.461838e-04
3.416538e-04
3.454685e-04
3.449917e-04
3.459454e-04
3.042221e-04
3.428459e-04
2.791882e-04
3.614426e-04
3.111362e-04
3.435612e-04
3.042221e-04
3.287792e-04
2.717972e-04
3.113747e-04
3.032684e-04
3.452301e-04
3.099442e-04
3.361702e-04
3.042221e-04
3.426075e-04
2.684593e-04
3.128052e-04
3.025532e-04
3.447533e-04
3.168583e-04
3.151894e-04
3.240108e-04
3.163815e-04
3.254414e-04
3.142357e-04
3.175735e-04
