8.659935e-02
8.455873e-02
8.495831e-02
8.467436e-02
8.463407e-02
8.444357e-02
8.469200e-02
8.434749e-02
8.460188e-02
8.434725e-02
8.453393e-02
8.427715e-02
8.450747e-02
8.453774e-02
8.457685e-02
8.467841e-02
8.434558e-02
8.431697e-02
8.428931e-02
8.439422e-02
8.442545e-02
8.419704e-02
8.422232e-02
8.455873e-02
8.402300e-02
8.440208e-02
8.430958e-02
8.439803e-02
8.456850e-02
8.419251e-02
8.409643e-02
8.425426e-02
8.423066e-02
8.430076e-02
8.444118e-02
8.420062e-02
8.439183e-02
8.452725e-02
8.429408e-02
8.426023e-02
8.432746e-02
8.437133e-02
8.440232e-02
8.434129e-02
8.488345e-02
8.419418e-02
8.439565e-02
8.434749e-02
8.435297e-02
8.462691e-02
8.430624e-02
8.401632e-02
8.414817e-02
8.445930e-02
8.418727e-02
8.448458e-02
8.441830e-02
8.428025e-02
8.401275e-02
8.428907e-02
8.433199e-02
8.441114e-02
8.449650e-02
8.416176e-02
8.448625e-02
8.431697e-02
8.422732e-02
8.424711e-02
8.432221e-02
8.415890e-02
8.416677e-02
8.436179e-02
8.440518e-02
8.427334e-02
8.411646e-02
8.434415e-02
8.416915e-02
8.420038e-02
8.454704e-02
8.434677e-02
8.413243e-02
8.442426e-02
8.423686e-02
8.451366e-02
8.437562e-02
8.459687e-02
8.425689e-02
8.415484e-02
8.426118e-02
8.434677e-02
8.447790e-02
8.457708e-02
8.424950e-02
8.448172e-02
8.461332e-02
8.409142e-02
8.428597e-02
8.423686e-02
8.397841e-02
8.440280e-02
8.420587e-02
8.430386e-02
8.440566e-02
8.417797e-02
8.437419e-02
8.441043e-02
8.430624e-02
8.425999e-02
8.441281e-02
8.435035e-02
8.419418e-02
8.436298e-02
8.407807e-02
8.418226e-02
8.411241e-02
8.409476e-02
8.435011e-02
8.413076e-02
8.419609e-02
8.413053e-02
8.407640e-02
8.451653e-02
8.430219e-02
8.408928e-02
8.416414e-02
8.364677e-02
8.367658e-02
8.416724e-02
8.411551e-02
8.398819e-02
8.387995e-02
8.393073e-02
8.384299e-02
8.414054e-02
8.419347e-02
8.434486e-02
8.428907e-02
8.412147e-02
8.496118e-02
8.437014e-02
8.406401e-02
8.423662e-02
8.408618e-02
8.411074e-02
8.424950e-02
8.446598e-02
8.418846e-02
8.404660e-02
8.402371e-02
8.412623e-02
8.409095e-02
8.410048e-02
8.404613e-02
8.415842e-02
8.377481e-02
8.428073e-02
8.414221e-02
8.423877e-02
8.413863e-02
8.402658e-02
8.418298e-02
8.424187e-02
8.424544e-02
8.410287e-02
8.413053e-02
8.427835e-02
8.407116e-02
8.421755e-02
8.374262e-02
8.417368e-02
8.392835e-02
8.409429e-02
8.427620e-02
8.403397e-02
8.411145e-02
8.423758e-02
8.425355e-02
8.411050e-02
8.420730e-02
8.425593e-02
8.437228e-02
8.426690e-02
8.453083e-02
8.408737e-02
8.408833e-02
8.438706e-02
8.393526e-02
8.413053e-02
8.382845e-02
8.393693e-02
8.427548e-02
8.413506e-02
8.415198e-02
8.400941e-02
8.394051e-02
8.407974e-02
8.406591e-02
8.398700e-02
8.389187e-02
8.388591e-02
8.414006e-02
8.419418e-02
8.449125e-02
8.393383e-02
8.406091e-02
8.418751e-02
8.421445e-02
8.398700e-02
8.410978e-02
8.413863e-02
8.394861e-02
8.409953e-02
8.420396e-02
8.409834e-02
8.429599e-02
8.412266e-02
8.439374e-02
8.402300e-02
8.413720e-02
8.404684e-02
8.399439e-02
8.385420e-02
8.417344e-02
8.403635e-02
8.414578e-02
8.391547e-02
8.393669e-02
8.401442e-02
8.434916e-02
8.414268e-02
8.439016e-02
8.410621e-02
8.421564e-02
8.488917e-02
8.411479e-02
8.408594e-02
8.384275e-02
8.412170e-02
8.430839e-02
8.399248e-02
8.411312e-02
8.417201e-02
8.431697e-02
8.398652e-02
8.412075e-02
8.419394e-02
8.397889e-02
8.422589e-02
8.434820e-02
8.438778e-02
8.429146e-02
8.440542e-02
8.395219e-02
8.426261e-02
8.406186e-02
8.388805e-02
8.398652e-02
8.415222e-02
8.396673e-02
8.410645e-02
8.436608e-02
8.405399e-02
8.406687e-02
8.419824e-02
8.387804e-02
8.404851e-02
8.385849e-02
8.391690e-02
8.375502e-02
8.350277e-02
8.389807e-02
8.395576e-02
8.386040e-02
8.382916e-02
8.389473e-02
8.400464e-02
8.396339e-02
8.391738e-02
8.414507e-02
8.441997e-02
8.466911e-02
8.381128e-02
8.448792e-02
8.402491e-02
8.367801e-02
8.405256e-02
8.391047e-02
8.413506e-02
8.394265e-02
8.392501e-02
8.416820e-02
8.389235e-02
8.406520e-02
8.410811e-02
8.388972e-02
8.399987e-02
8.401513e-02
8.414245e-02
8.407927e-02
8.396840e-02
8.392501e-02
8.394313e-02
8.412647e-02
8.385301e-02
8.383799e-02
8.353162e-02
8.401132e-02
8.433747e-02
8.418560e-02
8.428192e-02
8.434153e-02
8.434272e-02
8.430910e-02
8.387041e-02
8.428264e-02
8.412290e-02
8.421564e-02
8.419514e-02
8.427477e-02
8.425593e-02
8.407211e-02
8.433557e-02
8.417678e-02
8.402538e-02
8.460808e-02
8.470631e-02
8.433747e-02
8.415413e-02
8.411694e-02
8.437300e-02
8.400750e-02
8.404040e-02
8.402443e-02
8.427119e-02
8.425307e-02
8.415174e-02
8.424139e-02
8.435917e-02
8.428788e-02
8.417559e-02
8.381319e-02
8.427572e-02
8.418107e-02
8.408022e-02
8.435845e-02
8.426046e-02
8.410311e-02
8.380890e-02
8.427358e-02
8.419442e-02
8.463287e-02
8.396935e-02
8.428216e-02
8.416629e-02
8.424163e-02
8.410668e-02
8.410501e-02
8.415198e-02
8.433962e-02
8.443785e-02
8.430624e-02
8.432746e-02
8.394957e-02
8.415127e-02
8.430457e-02
8.431196e-02
8.413863e-02
8.441162e-02
8.453298e-02
8.409858e-02
8.438015e-02
8.414721e-02
8.435750e-02
8.425879e-02
8.416963e-02
8.398700e-02
8.429337e-02
8.420658e-02
8.426523e-02
8.420515e-02
8.437729e-02
8.404446e-02
8.426070e-02
8.435678e-02
8.427453e-02
8.419514e-02
8.409595e-02
8.446860e-02
8.430696e-02
8.420014e-02
8.437109e-02
8.423996e-02
8.426166e-02
8.388257e-02
8.357644e-02
8.421850e-02
8.390665e-02
8.405209e-02
8.436847e-02
8.427024e-02
8.430219e-02
8.404756e-02
8.428550e-02
8.422375e-02
8.420491e-02
8.407950e-02
8.402419e-02
8.406496e-02
8.428526e-02
8.435464e-02
8.420658e-02
8.413696e-02
8.430052e-02
8.418179e-02
8.416033e-02
8.429265e-02
8.420300e-02
8.488965e-02
8.429003e-02
8.415794e-02
8.431482e-02
8.429933e-02
8.431673e-02
8.419657e-02
8.444238e-02
8.424306e-02
8.436751e-02
8.440661e-02
8.416033e-02
8.447862e-02
8.428597e-02
8.419943e-02
8.436608e-02
8.423853e-02
8.444858e-02
8.419180e-02
8.413792e-02
8.426452e-02
8.429980e-02
8.418179e-02
8.401513e-02
8.415699e-02
8.434987e-02
8.434606e-02
8.420706e-02
8.453846e-02
8.437872e-02
8.461165e-02
8.422542e-02
8.426595e-02
8.429217e-02
8.428764e-02
8.422685e-02
8.429360e-02
8.431554e-02
8.450031e-02
8.390784e-02
8.472610e-02
8.455396e-02
8.454919e-02
8.474851e-02
8.487344e-02
8.450651e-02
8.475161e-02
8.482361e-02
8.443594e-02
8.461618e-02
8.446813e-02
8.457398e-02
8.451009e-02
8.474851e-02
8.464432e-02
8.464956e-02
8.456421e-02
8.467054e-02
8.458781e-02
8.458281e-02
8.484006e-02
8.459830e-02
8.453250e-02
8.458662e-02
8.475733e-02
8.466911e-02
8.476472e-02
8.457494e-02
8.458853e-02
8.458281e-02
8.482409e-02
8.467174e-02
8.477783e-02
8.464551e-02
8.461261e-02
8.451748e-02
8.481121e-02
8.441901e-02
8.452845e-02
8.468056e-02
8.479214e-02
8.462358e-02
8.449531e-02
8.459759e-02
8.464217e-02
8.464503e-02
8.432531e-02
8.472967e-02
8.453226e-02
8.464575e-02
8.474755e-02
8.464503e-02
8.450794e-02
8.476067e-02
8.462811e-02
8.470964e-02
8.506417e-02
8.460045e-02
8.455205e-02
8.459377e-02
8.454704e-02
8.475733e-02
8.468747e-02
8.461332e-02
8.482909e-02
8.540416e-02
8.590508e-02
8.570027e-02
8.571625e-02
8.602262e-02
8.590460e-02
8.589959e-02
8.567739e-02
8.598804e-02
9.197044e-02
9.210849e-02
9.036851e-02
9.270668e-02
9.055924e-02
9.151745e-02
9.368467e-02
8.991528e-02
9.239507e-02
9.031367e-02
9.104896e-02
1.173925e-01
9.107924e-02
8.822727e-02
9.092522e-02
9.083176e-02
8.770514e-02
9.076834e-02
9.381890e-02
8.957100e-02
8.896589e-02
9.087467e-02
8.873081e-02
9.168005e-02
9.032631e-02
8.876610e-02
8.896589e-02
8.605123e-02
8.713770e-02
8.643746e-02
8.907437e-02
8.875036e-02
9.646749e-02
8.733606e-02
8.911443e-02
9.481788e-02
8.587766e-02
8.858442e-02
9.144545e-02
1.018848e-01
1.018937e-01
9.741330e-02
8.680081e-02
8.924913e-02
9.818745e-02
8.967304e-02
9.058666e-02
9.769678e-02
8.863974e-02
8.783865e-02
9.161997e-02
8.980250e-02
8.876634e-02
8.847117e-02
8.728313e-02
9.201193e-02
9.140229e-02
1.052563e-01
8.745003e-02
9.334803e-02
9.133887e-02
8.737564e-02
8.749390e-02
8.735061e-02
8.749628e-02
8.754587e-02
8.750176e-02
8.743715e-02
8.746409e-02
8.752441e-02
8.748221e-02
8.797407e-02
8.749461e-02
8.751559e-02
8.752561e-02
8.750796e-02
8.755088e-02
8.743906e-02
8.736515e-02
8.728695e-02
8.738208e-02
8.755517e-02
8.751464e-02
8.733368e-02
8.832073e-02
8.865213e-02
8.881307e-02
8.853030e-02
8.837628e-02
8.837867e-02
8.833766e-02
9.409022e-02
9.400082e-02
9.493756e-02
8.877540e-02
8.934569e-02
1.053503e-01
9.857798e-02
8.749509e-02
8.753085e-02
8.730841e-02
8.774328e-02
8.754396e-02
8.744192e-02
8.737612e-02
8.749104e-02
8.951759e-02
1.043057e-01
8.866858e-02
9.446740e-02
8.748817e-02
8.748960e-02
8.767366e-02
8.770370e-02
8.759809e-02
8.795047e-02
8.840179e-02
8.843994e-02
8.840561e-02
8.830976e-02
9.222007e-02
1.002529e-01
8.824134e-02
9.303904e-02
9.084868e-02
1.051950e-01
9.948516e-02
9.201097e-02
1.790435e-01
8.976483e-02
1.126778e-01
8.804893e-02
8.835483e-02
9.824347e-02
8.833456e-02
8.834243e-02
8.953810e-02
8.944821e-02
8.868790e-02
1.047628e-01
9.550619e-02
8.826065e-02
8.819389e-02
8.815289e-02
8.824849e-02
8.829784e-02
8.841085e-02
1.087523e-01
1.170459e-01
1.020644e-01
8.797097e-02
9.497356e-02
1.052451e-01
9.805822e-02
8.865929e-02
8.852530e-02
8.821583e-02
9.114194e-02
9.567881e-02
