6.848812e-03
5.879641e-03
6.064415e-03
6.123543e-03
5.969286e-03
6.033182e-03
6.024122e-03
6.028414e-03
5.894661e-03
5.949020e-03
6.021500e-03
6.066561e-03
5.917549e-03
6.003380e-03
6.126642e-03
6.058931e-03
5.952120e-03
5.829096e-03
6.040812e-03
6.139278e-03
5.975723e-03
5.971193e-03
6.032467e-03
5.972385e-03
5.837440e-03
5.997419e-03
6.155491e-03
6.067514e-03
6.028175e-03
6.142855e-03
6.222248e-03
5.863428e-03
5.970716e-03
5.825043e-03
6.019115e-03
5.978346e-03
6.016731e-03
5.943537e-03
6.162882e-03
6.082773e-03
5.988836e-03
5.757809e-03
6.045818e-03
6.000519e-03
6.239414e-03
6.030560e-03
6.036043e-03
5.976677e-03
5.970478e-03
6.008863e-03
6.008863e-03
6.011248e-03
5.688429e-03
5.804539e-03
5.849361e-03
6.041288e-03
6.025791e-03
6.032228e-03
6.032467e-03
6.043196e-03
5.848408e-03
6.042719e-03
6.010294e-03
5.921602e-03
5.830050e-03
5.956173e-03
6.002665e-03
6.106615e-03
5.669594e-03
5.894423e-03
5.966187e-03
5.786180e-03
5.782366e-03
6.104946e-03
6.020546e-03
6.070614e-03
5.977631e-03
5.950689e-03
5.918264e-03
5.990744e-03
6.127357e-03
6.013393e-03
6.004572e-03
6.246328e-03
5.848408e-03
6.010056e-03
6.142139e-03
6.069660e-03
6.001234e-03
5.982161e-03
6.028414e-03
6.014347e-03
5.971670e-03
6.071568e-03
5.825043e-03
5.921602e-03
6.036043e-03
6.040573e-03
5.796671e-03
5.957603e-03
5.969763e-03
5.936146e-03
6.106377e-03
5.618811e-03
5.951643e-03
5.884171e-03
5.868196e-03
6.030560e-03
6.028891e-03
5.781889e-03
5.968094e-03
6.038666e-03
5.990028e-03
5.994797e-03
6.117821e-03
5.852699e-03
6.017208e-03
6.116152e-03
6.023169e-03
5.872965e-03
5.748272e-03
5.908489e-03
5.795717e-03
5.995274e-03
6.013632e-03
5.867958e-03
5.862951e-03
5.810738e-03
6.029606e-03
5.601883e-03
6.058455e-03
5.620956e-03
5.881310e-03
5.827427e-03
6.019115e-03
6.958723e-03
5.979776e-03
6.160975e-03
6.051064e-03
5.814075e-03
6.005764e-03
6.033659e-03
6.007910e-03
6.148338e-03
6.073952e-03
6.001472e-03
5.865097e-03
5.807400e-03
5.841494e-03
5.801439e-03
5.943298e-03
6.194353e-03
6.079912e-03
6.213903e-03
5.981207e-03
5.790949e-03
5.917311e-03
5.892515e-03
5.973101e-03
6.097555e-03
5.818367e-03
5.838871e-03
6.008387e-03
6.230593e-03
6.016731e-03
6.160498e-03
5.816460e-03
5.864859e-03
5.886316e-03
6.036997e-03
5.822420e-03
6.003618e-03
6.232500e-03
6.010056e-03
5.847454e-03
5.998135e-03
6.153822e-03
5.606890e-03
5.854607e-03
6.031990e-03
5.982161e-03
6.037235e-03
5.827427e-03
5.785942e-03
6.034374e-03
6.083965e-03
6.031513e-03
6.030798e-03
5.846739e-03
6.035805e-03
5.841732e-03
6.028652e-03
6.122828e-03
6.031513e-03
5.994558e-03
5.778313e-03
5.874157e-03
5.792141e-03
5.833864e-03
5.970478e-03
5.748272e-03
5.885363e-03
6.039858e-03
6.039381e-03
6.042480e-03
6.239653e-03
5.790949e-03
5.985498e-03
6.155968e-03
5.912542e-03
5.855799e-03
5.850315e-03
5.986929e-03
5.844355e-03
5.938053e-03
6.156921e-03
5.866528e-03
5.971432e-03
6.227493e-03
5.912542e-03
5.844593e-03
5.835295e-03
5.972862e-03
5.750656e-03
6.008148e-03
5.945206e-03
5.965710e-03
6.023645e-03
5.874634e-03
5.850315e-03
6.014585e-03
6.042957e-03
6.028175e-03
6.038666e-03
5.899906e-03
5.847216e-03
7.369041e-03
6.015062e-03
6.100655e-03
6.096125e-03
5.848169e-03
5.857706e-03
5.822659e-03
5.911589e-03
6.026030e-03
6.002903e-03
6.021261e-03
6.001949e-03
6.100416e-03
6.033421e-03
5.717039e-03
5.969286e-03
5.824566e-03
5.983353e-03
6.052494e-03
6.009340e-03
6.174326e-03
6.032228e-03
5.796194e-03
5.963087e-03
5.972385e-03
6.016016e-03
5.856991e-03
5.840778e-03
5.867720e-03
5.892992e-03
6.014347e-03
6.112576e-03
5.780458e-03
5.823612e-03
5.837917e-03
5.959988e-03
6.039143e-03
5.861759e-03
5.773783e-03
5.839109e-03
5.874395e-03
6.010771e-03
6.013393e-03
6.109238e-03
5.878687e-03
5.992413e-03
6.117821e-03
5.964279e-03
6.038427e-03
6.028891e-03
6.215811e-03
5.797386e-03
6.029606e-03
6.013870e-03
5.907536e-03
6.031752e-03
6.224871e-03
6.004095e-03
6.218672e-03
5.807877e-03
5.869389e-03
5.942583e-03
5.892038e-03
6.025553e-03
6.216049e-03
5.961657e-03
6.033182e-03
6.018162e-03
5.799055e-03
5.830765e-03
6.017208e-03
5.798340e-03
6.102324e-03
6.004810e-03
5.963326e-03
5.786419e-03
6.056547e-03
6.018162e-03
5.987644e-03
5.810738e-03
6.026268e-03
6.231785e-03
5.934954e-03
6.250381e-03
6.023169e-03
6.051302e-03
5.985975e-03
5.747795e-03
5.896807e-03
6.006241e-03
6.011724e-03
6.029606e-03
6.032944e-03
5.819798e-03
5.967855e-03
5.931616e-03
6.024837e-03
5.751371e-03
5.748987e-03
5.702972e-03
5.754709e-03
5.878925e-03
6.007195e-03
5.994797e-03
6.033659e-03
6.034851e-03
6.024837e-03
6.037951e-03
5.871058e-03
6.003857e-03
6.035566e-03
6.032228e-03
6.004572e-03
6.048679e-03
5.847216e-03
6.026030e-03
6.013393e-03
6.036043e-03
6.003857e-03
6.026030e-03
5.756617e-03
5.715132e-03
5.836964e-03
5.800009e-03
5.820990e-03
5.946159e-03
6.050825e-03
5.808115e-03
5.818367e-03
5.837679e-03
5.974054e-03
6.003618e-03
5.957842e-03
6.052017e-03
5.798578e-03
5.922318e-03
5.834341e-03
5.965948e-03
5.935431e-03
5.836487e-03
5.808592e-03
5.989552e-03
6.025076e-03
5.635500e-03
5.785227e-03
5.733728e-03
6.047249e-03
6.221533e-03
5.795002e-03
5.985260e-03
5.943298e-03
6.088972e-03
5.809069e-03
6.000519e-03
6.017923e-03
5.764961e-03
5.959272e-03
5.905390e-03
5.872250e-03
5.809546e-03
6.036758e-03
6.027460e-03
6.025076e-03
6.012440e-03
5.860806e-03
6.002188e-03
5.842686e-03
5.941391e-03
6.010056e-03
6.034374e-03
5.755663e-03
5.856514e-03
6.029844e-03
6.229877e-03
5.926132e-03
5.992651e-03
6.033897e-03
5.852222e-03
5.830288e-03
6.036282e-03
6.043911e-03
5.786896e-03
6.025553e-03
5.840063e-03
5.984783e-03
6.254196e-03
5.992651e-03
6.195545e-03
5.943298e-03
6.014585e-03
6.091118e-03
5.611181e-03
5.948782e-03
5.913496e-03
6.139994e-03
6.112099e-03
5.761862e-03
5.782843e-03
6.032228e-03
6.225586e-03
6.007910e-03
5.922556e-03
6.002903e-03
6.245613e-03
5.647182e-03
5.997181e-03
5.981445e-03
6.052494e-03
5.852222e-03
5.985260e-03
5.950928e-03
6.138802e-03
5.797386e-03
5.920172e-03
6.025791e-03
6.031036e-03
6.049395e-03
6.052732e-03
5.843401e-03
6.040812e-03
5.846262e-03
5.999088e-03
5.804062e-03
5.833387e-03
5.990982e-03
5.761385e-03
5.910635e-03
6.038666e-03
5.752087e-03
5.726337e-03
6.098509e-03
5.990028e-03
5.980730e-03
5.987167e-03
6.228447e-03
5.852938e-03
5.874872e-03
5.775213e-03
5.958796e-03
5.833149e-03
6.305218e-03
5.662918e-03
5.702972e-03
5.846024e-03
8.328676e-03
5.952358e-03
6.120682e-03
6.042719e-03
6.008625e-03
6.041765e-03
5.792856e-03
5.985022e-03
6.061077e-03
5.987644e-03
5.995989e-03
5.880594e-03
5.970240e-03
6.011009e-03
5.823612e-03
6.032705e-03
6.127119e-03
6.155491e-03
6.231785e-03
6.073236e-03
6.011009e-03
6.024599e-03
6.243706e-03
5.836487e-03
5.804777e-03
5.810261e-03
6.004333e-03
5.937815e-03
5.842686e-03
6.029367e-03
6.005764e-03
5.930185e-03
6.015062e-03
6.106377e-03
5.835533e-03
5.827904e-03
6.012917e-03
5.991220e-03
5.800486e-03
6.011009e-03
6.154299e-03
6.059885e-03
6.000042e-03
6.036758e-03
5.809307e-03
5.800486e-03
5.995274e-03
6.013632e-03
5.814791e-03
5.866289e-03
6.206274e-03
5.928516e-03
5.834818e-03
5.854368e-03
5.869627e-03
6.036758e-03
5.877733e-03
5.852938e-03
5.994320e-03
6.140471e-03
6.190062e-03
6.029844e-03
6.032705e-03
6.019592e-03
6.006718e-03
6.027937e-03
5.843163e-03
5.804300e-03
6.039381e-03
6.069899e-03
5.854607e-03
6.030321e-03
6.033182e-03
6.088495e-03
6.005526e-03
6.110430e-03
6.033182e-03
6.082296e-03
5.926847e-03
6.098986e-03
5.704880e-03
5.744219e-03
6.064415e-03
5.830288e-03
6.128073e-03
5.911112e-03
6.002188e-03
5.807161e-03
5.776405e-03
5.686998e-03
6.070852e-03
5.991697e-03
5.909920e-03
5.889177e-03
6.231070e-03
5.806684e-03
6.036997e-03
6.071806e-03
6.029367e-03
5.820751e-03
5.836487e-03
6.223440e-03
5.774975e-03
5.995035e-03
6.031990e-03
6.211758e-03
5.997658e-03
5.997896e-03
5.936384e-03
6.146908e-03
6.042242e-03
5.831718e-03
5.870104e-03
5.804300e-03
5.808115e-03
5.820036e-03
5.832195e-03
6.036043e-03
6.199121e-03
6.227970e-03
6.005049e-03
6.074667e-03
5.964756e-03
6.090403e-03
6.245852e-03
6.009579e-03
6.138563e-03
6.107807e-03
6.004333e-03
5.850315e-03
5.833149e-03
5.888700e-03
5.999327e-03
6.026268e-03
5.998850e-03
6.019115e-03
5.814791e-03
6.031990e-03
6.222486e-03
5.758286e-03
5.721569e-03
5.946636e-03
5.807638e-03
5.898237e-03
5.995274e-03
5.820513e-03
5.997896e-03
6.083012e-03
6.000996e-03
5.790472e-03
5.945921e-03
6.065369e-03
5.789280e-03
6.020546e-03
5.993366e-03
5.815029e-03
5.992651e-03
6.030083e-03
6.028652e-03
6.020308e-03
6.030798e-03
6.232500e-03
6.023169e-03
6.189585e-03
6.027460e-03
5.989790e-03
6.125689e-03
5.970716e-03
6.013155e-03
5.783796e-03
5.781412e-03
5.803823e-03
5.794764e-03
5.835295e-03
5.973101e-03
6.220102e-03
5.901575e-03
5.973101e-03
6.066561e-03
6.044388e-03
6.014347e-03
5.896330e-03
5.974054e-03
6.186008e-03
5.975008e-03
6.222725e-03
5.775452e-03
5.868196e-03
5.937815e-03
6.097317e-03
5.815506e-03
5.999088e-03
5.843639e-03
6.001472e-03
5.942345e-03
6.059885e-03
6.048203e-03
6.226063e-03
5.861759e-03
5.767584e-03
5.866051e-03
6.022930e-03
6.110430e-03
6.047487e-03
5.974770e-03
6.022453e-03
6.070614e-03
6.194830e-03
6.006479e-03
6.078959e-03
6.017685e-03
6.022215e-03
6.153584e-03
6.026030e-03
6.015778e-03
6.012917e-03
5.962133e-03
5.929470e-03
5.877972e-03
5.876780e-03
5.782843e-03
6.145954e-03
5.909920e-03
5.858660e-03
5.974531e-03
6.019115e-03
5.997181e-03
5.933285e-03
5.830765e-03
5.820513e-03
5.954504e-03
6.002903e-03
5.992413e-03
6.236315e-03
5.596161e-03
5.901814e-03
6.023645e-03
5.809784e-03
6.037712e-03
6.025553e-03
5.993366e-03
6.023169e-03
6.031036e-03
6.028652e-03
5.813599e-03
5.995274e-03
6.233692e-03
5.972385e-03
6.000280e-03
6.171227e-03
6.198883e-03
5.836010e-03
5.993843e-03
6.069422e-03
6.039381e-03
5.814791e-03
5.948782e-03
5.914211e-03
5.963087e-03
6.024122e-03
5.974770e-03
6.146669e-03
6.148338e-03
6.181479e-03
5.911350e-03
5.876541e-03
5.782366e-03
5.956888e-03
6.027222e-03
6.037474e-03
5.946398e-03
5.967379e-03
5.791187e-03
5.949497e-03
5.974054e-03
6.122351e-03
6.048679e-03
6.010532e-03
5.876541e-03
6.012201e-03
5.808353e-03
5.945921e-03
6.067276e-03
5.903244e-03
6.031752e-03
5.995035e-03
6.049395e-03
6.013393e-03
5.976439e-03
5.899191e-03
6.024122e-03
5.964994e-03
6.027937e-03
5.692482e-03
5.810261e-03
6.003380e-03
6.058216e-03
6.027460e-03
5.776644e-03
5.746841e-03
5.726337e-03
6.052256e-03
6.005287e-03
5.878687e-03
5.859613e-03
5.980015e-03
5.842447e-03
5.904675e-03
5.852222e-03
5.999804e-03
5.999327e-03
5.963802e-03
6.004572e-03
5.926371e-03
6.001711e-03
6.026983e-03
5.972385e-03
5.822182e-03
5.993366e-03
6.235123e-03
5.804062e-03
6.002188e-03
6.238937e-03
5.887985e-03
5.837917e-03
6.011963e-03
5.709648e-03
5.856991e-03
6.003618e-03
6.129265e-03
6.016970e-03
6.079197e-03
6.027937e-03
5.820751e-03
5.986691e-03
5.720139e-03
5.937815e-03
5.749464e-03
5.952358e-03
5.951405e-03
5.772829e-03
5.826712e-03
5.823612e-03
5.835056e-03
6.005287e-03
5.879164e-03
5.796194e-03
5.985498e-03
6.007671e-03
5.820990e-03
5.874634e-03
5.835295e-03
5.798101e-03
6.025076e-03
6.236315e-03
5.773306e-03
6.028414e-03
5.749702e-03
6.085873e-03
5.784750e-03
5.957127e-03
6.097794e-03
5.852938e-03
5.818844e-03
5.989552e-03
7.588863e-03
5.989075e-03
5.952120e-03
6.031990e-03
5.792379e-03
6.020784e-03
5.770445e-03
6.239414e-03
5.836487e-03
5.834818e-03
5.995750e-03
6.071568e-03
5.987883e-03
5.598545e-03
5.909204e-03
5.637169e-03
5.831242e-03
5.977154e-03
6.068945e-03
6.027460e-03
6.786585e-03
6.013393e-03
6.029129e-03
6.012440e-03
6.210804e-03
6.209850e-03
5.913734e-03
5.874395e-03
5.821228e-03
5.769730e-03
6.026506e-03
6.002903e-03
5.870342e-03
5.992889e-03
5.939245e-03
5.841017e-03
5.999804e-03
6.260633e-03
5.842924e-03
5.810976e-03
6.241083e-03
5.778551e-03
5.989790e-03
6.048441e-03
5.822182e-03
5.999565e-03
6.244183e-03
5.990028e-03
5.969286e-03
5.868673e-03
5.949974e-03
5.970478e-03
6.085873e-03
6.042957e-03
5.838156e-03
5.791903e-03
5.988836e-03
6.028175e-03
5.838156e-03
6.012917e-03
6.033182e-03
5.820751e-03
5.820513e-03
5.945921e-03
5.926609e-03
6.245136e-03
5.800962e-03
5.857468e-03
5.798578e-03
5.997181e-03
6.103277e-03
5.845070e-03
6.002903e-03
6.043673e-03
5.801439e-03
6.021500e-03
6.007195e-03
5.997896e-03
6.035328e-03
5.996704e-03
6.254196e-03
6.010532e-03
6.062269e-03
5.772114e-03
6.111860e-03
6.089926e-03
6.091118e-03
5.833387e-03
6.027460e-03
5.797625e-03
5.793810e-03
5.982161e-03
6.135225e-03
6.200790e-03
6.005526e-03
5.992413e-03
6.025553e-03
5.989075e-03
5.909920e-03
5.997419e-03
6.109476e-03
5.963564e-03
5.919933e-03
6.029844e-03
6.021500e-03
5.999804e-03
5.746603e-03
5.867958e-03
5.843639e-03
6.028891e-03
5.827904e-03
5.773306e-03
5.823612e-03
5.967379e-03
5.902767e-03
6.028891e-03
6.019831e-03
6.022692e-03
5.999088e-03
5.844831e-03
5.956888e-03
5.879879e-03
6.033421e-03
5.743742e-03
5.910873e-03
6.025553e-03
6.219625e-03
5.780935e-03
5.990982e-03
5.980968e-03
5.966663e-03
5.845308e-03
6.003857e-03
6.035328e-03
5.994558e-03
6.159067e-03
6.080627e-03
6.010056e-03
6.043673e-03
5.934238e-03
5.814314e-03
5.787611e-03
5.961418e-03
5.941391e-03
5.866766e-03
6.035805e-03
5.829811e-03
5.961180e-03
5.990505e-03
5.828619e-03
5.850554e-03
5.970478e-03
6.071806e-03
5.992174e-03
6.026030e-03
