2.405930e-02
2.252722e-02
2.240515e-02
2.245426e-02
2.239227e-02
2.235532e-02
2.246761e-02
2.225304e-02
2.250409e-02
2.254081e-02
2.251124e-02
2.233768e-02
2.237797e-02
2.249861e-02
2.247572e-02
2.234721e-02
2.250504e-02
2.243924e-02
2.220631e-02
2.235818e-02
2.246833e-02
2.246642e-02
2.230239e-02
2.231979e-02
2.261543e-02
2.229762e-02
2.232552e-02
2.223706e-02
2.223635e-02
2.251434e-02
2.240753e-02
2.238607e-02
2.239943e-02
2.227783e-02
2.231336e-02
2.249694e-02
2.218843e-02
2.235222e-02
2.245688e-02
2.214217e-02
2.246308e-02
2.250028e-02
2.226806e-02
2.249932e-02
2.229261e-02
2.228856e-02
2.247453e-02
2.217960e-02
2.215171e-02
2.246046e-02
2.249742e-02
2.231979e-02
2.230406e-02
2.251458e-02
2.236772e-02
2.224231e-02
2.228093e-02
2.242756e-02
2.245235e-02
2.226830e-02
2.230954e-02
2.233267e-02
2.249646e-02
2.245188e-02
2.243137e-02
2.241349e-02
2.251148e-02
2.224565e-02
2.231383e-02
2.242756e-02
2.238250e-02
2.241254e-02
2.235103e-02
2.228951e-02
2.244043e-02
2.249074e-02
2.229548e-02
2.249599e-02
2.361608e-02
2.251601e-02
2.248096e-02
2.244735e-02
2.241898e-02
2.244449e-02
2.246928e-02
2.237535e-02
2.206588e-02
2.247953e-02
2.233195e-02
2.244449e-02
2.244520e-02
2.225876e-02
2.230263e-02
2.256584e-02
2.234626e-02
2.235222e-02
2.229023e-02
2.234173e-02
2.218127e-02
2.249026e-02
2.231050e-02
2.250195e-02
2.251363e-02
2.231193e-02
2.218604e-02
2.226663e-02
2.275538e-02
2.228236e-02
2.222657e-02
2.237082e-02
2.223492e-02
2.212882e-02
2.226019e-02
2.220106e-02
2.218843e-02
2.218032e-02
2.248597e-02
2.247238e-02
2.235055e-02
2.245116e-02
2.246046e-02
2.229071e-02
2.247524e-02
2.213192e-02
2.232289e-02
2.250910e-02
2.247143e-02
2.250266e-02
2.239299e-02
2.224541e-02
2.230406e-02
2.237320e-02
2.248907e-02
2.246690e-02
2.242804e-02
2.223921e-02
2.228832e-02
2.248526e-02
2.229166e-02
2.250266e-02
2.244449e-02
2.230310e-02
2.240992e-02
2.227139e-02
2.203035e-02
2.229571e-02
2.245212e-02
2.217841e-02
2.241945e-02
2.248406e-02
2.248716e-02
2.233648e-02
2.231383e-02
2.222800e-02
2.230263e-02
2.248049e-02
2.239347e-02
2.232409e-02
2.238584e-02
2.226090e-02
2.298379e-02
2.243066e-02
2.308297e-02
2.232528e-02
2.238178e-02
2.238560e-02
2.223897e-02
2.248025e-02
2.236485e-02
2.218151e-02
2.234888e-02
2.245808e-02
2.245498e-02
2.232599e-02
2.248907e-02
2.231669e-02
2.238846e-02
2.228427e-02
2.225852e-02
2.242827e-02
2.245903e-02
2.226877e-02
2.246428e-02
2.223706e-02
2.246690e-02
2.241731e-02
2.233243e-02
2.246094e-02
2.229071e-02
2.230859e-02
2.229524e-02
2.244091e-02
2.223444e-02
2.229667e-02
2.238584e-02
2.238727e-02
2.241158e-02
2.208877e-02
2.241898e-02
2.232766e-02
2.234626e-02
2.222681e-02
2.227211e-02
2.246714e-02
2.239203e-02
2.262807e-02
2.226114e-02
2.244782e-02
2.230024e-02
2.246809e-02
2.259231e-02
2.227235e-02
2.246785e-02
2.242589e-02
2.216721e-02
2.227974e-02
2.229404e-02
2.243519e-02
2.238178e-02
2.230978e-02
2.229023e-02
2.230763e-02
2.264166e-02
2.228189e-02
2.238941e-02
2.220130e-02
2.228451e-02
2.236533e-02
2.229428e-02
2.228522e-02
2.215528e-02
2.228642e-02
2.238083e-02
2.229905e-02
2.235699e-02
2.226567e-02
2.246261e-02
2.244234e-02
2.229762e-02
2.245116e-02
2.229667e-02
2.226830e-02
2.283359e-02
2.233505e-02
2.213526e-02
2.328897e-02
2.229643e-02
2.237463e-02
2.232099e-02
2.229977e-02
2.225709e-02
2.199292e-02
2.170229e-02
2.247977e-02
2.232742e-02
2.229977e-02
2.243567e-02
2.240157e-02
2.247071e-02
2.247167e-02
2.236557e-02
2.243972e-02
2.236915e-02
2.238512e-02
2.217627e-02
2.240419e-02
2.226758e-02
2.248549e-02
2.243972e-02
2.240825e-02
2.242136e-02
2.231431e-02
2.239442e-02
2.231741e-02
2.226996e-02
2.244353e-02
2.212882e-02
2.247787e-02
2.231789e-02
2.235842e-02
2.240896e-02
2.228260e-02
2.247405e-02
2.241492e-02
2.237058e-02
2.231932e-02
2.237177e-02
2.219534e-02
2.244091e-02
2.230144e-02
2.257180e-02
2.246189e-02
2.226615e-02
2.242446e-02
2.226162e-02
2.221394e-02
2.238083e-02
2.229452e-02
2.242398e-02
2.239537e-02
2.233362e-02
2.246809e-02
2.225494e-02
2.238965e-02
2.229524e-02
2.224779e-02
2.214837e-02
2.231097e-02
2.238441e-02
2.230740e-02
2.239585e-02
2.227187e-02
2.247047e-02
2.243042e-02
2.239227e-02
2.238822e-02
2.233481e-02
2.230024e-02
2.245593e-02
2.247548e-02
2.244258e-02
2.226281e-02
2.245498e-02
2.236533e-02
2.227259e-02
2.244830e-02
2.228618e-02
2.226758e-02
2.221727e-02
2.242994e-02
2.229953e-02
2.236295e-02
2.230906e-02
2.248144e-02
2.225971e-02
2.261448e-02
2.230597e-02
2.229667e-02
2.233672e-02
2.243686e-02
2.247834e-02
2.223659e-02
2.211165e-02
2.224851e-02
2.227902e-02
2.238417e-02
2.216148e-02
2.231169e-02
2.231383e-02
2.238655e-02
2.242827e-02
2.242184e-02
2.239251e-02
2.248168e-02
2.228498e-02
2.235937e-02
2.240205e-02
2.229834e-02
2.228427e-02
2.230072e-02
2.215695e-02
2.249599e-02
2.248025e-02
2.220511e-02
2.227139e-02
2.233219e-02
2.249575e-02
2.226257e-02
2.235174e-02
2.225399e-02
2.233076e-02
2.246284e-02
2.287054e-02
2.232170e-02
2.230191e-02
2.246189e-02
2.242780e-02
2.242684e-02
2.229834e-02
2.216244e-02
2.229357e-02
2.224898e-02
2.241421e-02
2.228928e-02
2.237391e-02
2.230263e-02
2.223468e-02
2.217722e-02
2.245164e-02
2.240252e-02
2.226138e-02
2.248430e-02
2.238655e-02
2.220917e-02
2.241659e-02
2.246714e-02
2.238131e-02
2.226090e-02
2.241755e-02
2.224207e-02
2.247667e-02
2.239156e-02
2.222610e-02
2.231193e-02
2.239895e-02
2.225304e-02
2.229452e-02
2.240086e-02
2.213669e-02
2.245951e-02
2.229524e-02
2.248931e-02
2.238321e-02
2.243304e-02
2.229643e-02
2.244544e-02
2.225566e-02
2.243519e-02
2.234149e-02
2.258682e-02
2.230906e-02
2.242637e-02
2.228856e-02
2.258492e-02
2.218032e-02
2.242279e-02
2.245498e-02
2.236533e-02
2.220845e-02
2.227545e-02
2.247477e-02
2.236176e-02
2.248383e-02
2.247548e-02
2.242899e-02
2.233648e-02
2.233815e-02
2.230287e-02
2.232623e-02
2.233839e-02
2.223158e-02
2.231169e-02
2.229214e-02
2.229714e-02
2.226090e-02
2.246237e-02
2.241778e-02
2.226830e-02
2.246141e-02
2.229667e-02
2.245879e-02
2.211595e-02
2.240443e-02
2.234054e-02
2.247310e-02
2.233481e-02
2.238631e-02
2.228022e-02
2.243114e-02
2.229071e-02
2.243495e-02
2.210617e-02
2.243233e-02
2.224827e-02
2.238703e-02
2.218008e-02
2.242184e-02
2.213860e-02
2.232385e-02
2.246118e-02
2.258706e-02
2.225924e-02
2.238917e-02
2.240515e-02
2.223921e-02
2.228880e-02
2.224398e-02
2.238798e-02
2.226186e-02
2.239823e-02
2.221656e-02
2.248168e-02
2.230811e-02
2.235723e-02
2.234769e-02
2.239203e-02
2.250385e-02
2.247906e-02
2.214456e-02
2.244663e-02
2.241755e-02
2.240372e-02
2.239799e-02
2.250075e-02
2.226830e-02
2.241707e-02
2.248025e-02
2.230525e-02
2.224779e-02
2.240562e-02
2.226377e-02
2.220058e-02
2.241230e-02
2.297235e-02
2.229714e-02
2.227664e-02
2.230048e-02
2.238679e-02
2.212667e-02
2.244449e-02
2.226257e-02
2.244282e-02
2.246571e-02
2.236509e-02
2.239370e-02
2.234888e-02
2.223229e-02
2.229309e-02
2.238965e-02
2.218175e-02
2.243042e-02
2.217150e-02
2.245021e-02
2.261090e-02
2.229357e-02
2.231407e-02
2.228832e-02
2.259660e-02
2.226138e-02
2.212548e-02
2.245021e-02
2.243423e-02
2.226090e-02
2.218390e-02
2.226925e-02
2.228522e-02
2.244449e-02
2.224064e-02
2.240324e-02
2.245855e-02
2.248454e-02
2.242875e-02
2.236915e-02
2.215886e-02
2.224636e-02
2.228236e-02
2.241063e-02
2.226996e-02
2.239299e-02
2.244639e-02
2.219534e-02
2.265763e-02
2.227473e-02
2.236581e-02
2.214456e-02
2.229452e-02
2.668643e-02
2.230692e-02
2.272606e-02
2.249336e-02
2.433157e-02
2.225780e-02
2.717710e-02
2.248454e-02
2.226663e-02
2.239227e-02
2.224922e-02
2.232099e-02
2.235889e-02
2.248335e-02
2.241373e-02
2.247381e-02
2.225256e-02
2.230287e-02
2.243948e-02
2.227116e-02
2.242160e-02
2.233100e-02
2.226281e-02
2.243423e-02
2.260900e-02
2.230644e-02
2.231812e-02
2.239037e-02
2.217984e-02
2.227449e-02
2.238822e-02
2.228451e-02
2.232289e-02
2.247620e-02
2.228355e-02
2.240276e-02
2.218008e-02
2.230000e-02
2.249241e-02
2.228832e-02
2.243543e-02
2.243853e-02
2.248526e-02
2.242851e-02
2.243996e-02
2.230525e-02
2.215958e-02
2.232313e-02
2.228189e-02
2.244949e-02
2.248359e-02
2.223253e-02
2.227473e-02
2.235246e-02
2.211523e-02
2.228403e-02
2.247310e-02
2.232552e-02
2.235889e-02
2.247453e-02
2.333188e-02
2.244115e-02
2.248287e-02
2.216220e-02
2.244520e-02
2.231240e-02
2.240300e-02
2.232075e-02
2.231646e-02
2.248788e-02
2.228284e-02
2.259707e-02
2.227116e-02
2.235556e-02
2.247858e-02
2.232099e-02
2.228546e-02
2.245736e-02
2.270031e-02
2.246356e-02
2.230787e-02
2.340436e-02
2.225995e-02
2.236915e-02
2.225780e-02
2.218318e-02
2.220893e-02
2.229261e-02
2.238846e-02
2.227712e-02
2.238727e-02
2.241063e-02
2.233076e-02
2.243185e-02
2.234030e-02
2.238035e-02
2.209592e-02
2.243710e-02
2.230763e-02
2.225447e-02
2.226305e-02
2.230430e-02
2.214789e-02
2.220011e-02
2.232361e-02
2.244139e-02
2.246165e-02
2.248263e-02
2.247834e-02
2.221251e-02
2.225089e-02
2.224588e-02
2.232385e-02
2.250099e-02
2.245450e-02
2.240467e-02
2.245593e-02
2.244520e-02
2.240515e-02
2.240276e-02
2.233338e-02
2.244067e-02
2.231002e-02
2.230334e-02
2.248597e-02
2.224374e-02
2.241349e-02
2.229333e-02
2.217603e-02
2.254224e-02
2.231717e-02
2.242160e-02
2.240849e-02
2.414989e-02
2.230954e-02
2.245450e-02
2.216291e-02
2.228856e-02
2.254033e-02
2.247906e-02
2.227354e-02
2.237773e-02
2.248001e-02
2.245164e-02
2.231383e-02
2.231193e-02
2.231526e-02
2.241421e-02
2.225900e-02
2.240443e-02
2.229333e-02
2.238846e-02
2.231669e-02
2.244449e-02
2.232862e-02
2.247024e-02
2.243280e-02
2.237701e-02
2.232695e-02
2.249265e-02
2.246189e-02
2.226901e-02
2.230430e-02
2.248716e-02
2.236128e-02
2.247024e-02
2.235317e-02
2.246070e-02
2.226281e-02
2.248740e-02
2.228212e-02
2.224326e-02
2.229404e-02
2.223635e-02
2.227473e-02
2.262044e-02
2.229142e-02
2.239943e-02
2.231646e-02
2.241802e-02
2.239227e-02
2.246237e-02
2.244711e-02
2.225161e-02
2.248478e-02
2.245688e-02
2.227283e-02
2.243185e-02
2.228045e-02
2.244067e-02
2.239633e-02
2.215147e-02
2.214503e-02
2.241755e-02
2.239823e-02
2.234197e-02
2.216625e-02
2.245331e-02
2.239776e-02
2.239132e-02
2.229357e-02
2.233028e-02
2.237916e-02
2.222371e-02
2.223206e-02
2.200770e-02
2.243614e-02
2.180266e-02
2.166414e-02
2.241492e-02
2.245998e-02
2.289486e-02
2.235436e-02
2.232361e-02
2.226496e-02
2.239561e-02
2.244568e-02
2.220392e-02
2.225065e-02
2.244163e-02
2.232718e-02
2.226925e-02
2.238274e-02
2.227092e-02
2.243996e-02
2.244449e-02
2.247071e-02
2.237773e-02
2.349615e-02
2.228570e-02
2.239203e-02
2.220702e-02
2.225828e-02
2.239466e-02
2.230954e-02
2.245688e-02
2.228594e-02
2.248335e-02
2.245617e-02
2.225757e-02
2.245092e-02
2.228689e-02
2.229357e-02
2.214742e-02
2.242947e-02
2.236915e-02
2.231193e-02
2.244186e-02
2.248287e-02
2.239895e-02
2.217627e-02
2.238846e-02
2.227831e-02
2.240753e-02
2.228808e-02
2.231216e-02
2.244186e-02
2.229190e-02
2.231288e-02
2.237558e-02
2.210379e-02
2.229881e-02
2.238417e-02
2.211308e-02
2.227497e-02
2.243686e-02
2.233863e-02
2.247620e-02
2.229714e-02
2.246833e-02
2.242351e-02
2.218485e-02
2.218890e-02
2.216363e-02
2.243996e-02
2.232599e-02
2.247763e-02
2.229214e-02
2.243686e-02
2.232599e-02
2.227998e-02
2.243996e-02
2.227473e-02
2.219963e-02
2.198172e-02
2.230120e-02
2.215815e-02
2.230597e-02
2.214122e-02
2.248430e-02
2.229881e-02
2.225757e-02
2.227116e-02
2.211142e-02
2.230525e-02
2.234173e-02
2.230549e-02
2.208400e-02
2.206755e-02
2.226925e-02
2.220964e-02
2.210259e-02
2.250361e-02
2.218318e-02
2.224708e-02
2.226591e-02
2.213669e-02
2.229571e-02
2.216148e-02
2.228260e-02
2.207088e-02
2.226949e-02
2.228165e-02
2.236271e-02
2.221727e-02
2.212024e-02
2.228737e-02
2.216005e-02
2.217174e-02
2.245998e-02
2.212310e-02
2.246451e-02
2.233219e-02
2.218175e-02
2.215815e-02
2.236199e-02
2.230048e-02
2.231169e-02
2.224517e-02
2.230883e-02
2.222180e-02
2.225518e-02
2.226901e-02
2.218127e-02
2.212977e-02
2.251101e-02
2.214050e-02
2.360439e-02
2.249956e-02
2.235436e-02
2.228236e-02
2.246332e-02
2.218199e-02
2.239656e-02
2.216983e-02
2.228451e-02
2.230501e-02
2.228165e-02
2.230763e-02
2.297020e-02
2.215600e-02
2.244353e-02
2.389812e-02
2.221346e-02
2.221203e-02
2.221680e-02
2.232599e-02
2.616429e-02
2.218413e-02
2.226830e-02
2.214742e-02
2.236152e-02
2.228212e-02
2.227402e-02
2.214766e-02
2.223897e-02
2.220368e-02
2.221394e-02
2.230954e-02
2.215290e-02
2.217221e-02
2.232027e-02
2.219987e-02
2.214193e-02
2.230430e-02
2.221298e-02
2.230811e-02
2.229691e-02
2.234316e-02
2.213001e-02
2.230787e-02
2.220869e-02
2.227759e-02
2.219892e-02
2.247477e-02
2.222490e-02
2.228713e-02
2.232575e-02
2.219677e-02
2.225828e-02
2.226949e-02
2.229929e-02
2.222514e-02
2.232289e-02
2.229929e-02
2.233982e-02
2.250171e-02
2.227259e-02
2.228165e-02
2.215171e-02
2.230763e-02
2.242923e-02
2.231836e-02
2.224541e-02
2.232003e-02
2.214146e-02
2.222204e-02
2.231407e-02
2.234840e-02
2.218127e-02
2.561522e-02
2.219439e-02
2.248549e-02
2.221656e-02
2.230167e-02
2.216148e-02
2.234387e-02
2.230430e-02
2.215362e-02
2.251029e-02
2.218390e-02
2.231741e-02
2.224541e-02
2.232957e-02
2.231431e-02
2.226496e-02
2.218723e-02
2.236390e-02
2.229738e-02
2.231812e-02
2.229238e-02
2.221441e-02
2.229786e-02
2.232599e-02
2.226996e-02
2.213287e-02
2.248859e-02
2.215981e-02
2.229476e-02
2.247238e-02
2.232981e-02
2.235293e-02
2.221465e-02
2.229333e-02
