1.521111e-04
1.199245e-04
1.227856e-04
1.263618e-04
1.246929e-04
1.189709e-04
8.773804e-05
1.218319e-04
1.287460e-04
1.192093e-04
1.208782e-04
1.220703e-04
1.275539e-04
7.534027e-05
1.244545e-04
1.158714e-04
1.282692e-04
1.187325e-04
8.726120e-05
1.204014e-04
1.244545e-04
1.192093e-04
1.213551e-04
1.180172e-04
1.289845e-04
7.176399e-05
1.215935e-04
1.151562e-04
1.266003e-04
1.192093e-04
8.726120e-05
1.242161e-04
1.242161e-04
7.557869e-05
1.187325e-04
1.251698e-04
1.251698e-04
7.462502e-05
8.583069e-05
1.173019e-04
1.277924e-04
7.224083e-05
8.749962e-05
1.156330e-04
1.251698e-04
1.189709e-04
8.726120e-05
1.220703e-04
1.263618e-04
1.199245e-04
1.213551e-04
1.225471e-04
1.282692e-04
1.187325e-04
1.206398e-04
1.151562e-04
1.249313e-04
7.486343e-05
9.012222e-05
1.153946e-04
1.246929e-04
1.192093e-04
1.182556e-04
1.184940e-04
1.251698e-04
1.199245e-04
1.182556e-04
1.182556e-04
1.268387e-04
1.192093e-04
1.187325e-04
1.153946e-04
1.246929e-04
1.189709e-04
1.208782e-04
1.165867e-04
1.263618e-04
1.201630e-04
1.187325e-04
1.161098e-04
1.249313e-04
7.295609e-05
9.083748e-05
1.161098e-04
1.273155e-04
1.184940e-04
1.192093e-04
1.223087e-04
1.251698e-04
7.200241e-05
1.184940e-04
1.187325e-04
1.242161e-04
7.176399e-05
1.246929e-04
1.206398e-04
1.251698e-04
1.184940e-04
1.189709e-04
1.163483e-04
1.308918e-04
7.224083e-05
1.184940e-04
1.211166e-04
1.266003e-04
7.176399e-05
1.211166e-04
8.535385e-05
1.246929e-04
7.295609e-05
1.096725e-04
1.187325e-04
1.275539e-04
7.176399e-05
1.187325e-04
9.059906e-05
1.277924e-04
6.866455e-05
1.208782e-04
1.189709e-04
1.266003e-04
1.182556e-04
1.099110e-04
1.182556e-04
1.277924e-04
7.176399e-05
1.082420e-04
1.184940e-04
1.232624e-04
7.176399e-05
1.094341e-04
1.192093e-04
1.261234e-04
7.200241e-05
1.187325e-04
8.702278e-05
1.263618e-04
6.890297e-05
1.182556e-04
8.440018e-05
1.358986e-04
6.937981e-05
1.184940e-04
1.177788e-04
1.251698e-04
1.721382e-04
1.187325e-04
1.156330e-04
1.182556e-04
1.413822e-04
1.187325e-04
1.153946e-04
1.184940e-04
1.406670e-04
1.194477e-04
1.156330e-04
1.189709e-04
1.423359e-04
1.208782e-04
1.220703e-04
1.194477e-04
1.411438e-04
7.319450e-05
1.220703e-04
1.111031e-04
1.406670e-04
1.182556e-04
1.213551e-04
1.094341e-04
1.411438e-04
1.213551e-04
1.249313e-04
1.089573e-04
1.375675e-04
7.438660e-05
1.187325e-04
1.187325e-04
1.406670e-04
7.224083e-05
1.153946e-04
1.201630e-04
1.378059e-04
1.189709e-04
1.153946e-04
1.094341e-04
1.416206e-04
7.224083e-05
1.218319e-04
1.094341e-04
1.373291e-04
8.606911e-05
1.161098e-04
1.189709e-04
1.375675e-04
1.182556e-04
1.137257e-04
1.215935e-04
1.425743e-04
1.187325e-04
1.218319e-04
1.189709e-04
1.404285e-04
1.189709e-04
1.182556e-04
1.208782e-04
1.406670e-04
1.211166e-04
1.158714e-04
1.087189e-04
1.378059e-04
1.192093e-04
1.156330e-04
1.189709e-04
1.440048e-04
7.200241e-05
1.230240e-04
1.065731e-04
1.375675e-04
1.187325e-04
1.151562e-04
1.063347e-04
1.406670e-04
7.152557e-05
1.213551e-04
1.094341e-04
1.399517e-04
7.152557e-05
1.156330e-04
1.213551e-04
1.411438e-04
7.224083e-05
1.156330e-04
1.084805e-04
1.385212e-04
7.152557e-05
1.158714e-04
1.184940e-04
1.409054e-04
7.176399e-05
1.177788e-04
1.213551e-04
1.411438e-04
1.184940e-04
1.153946e-04
1.199245e-04
1.411438e-04
7.128716e-05
1.189709e-04
1.213551e-04
1.409054e-04
1.215935e-04
1.218319e-04
1.184940e-04
1.399517e-04
1.182556e-04
1.220703e-04
1.096725e-04
1.420975e-04
1.192093e-04
1.215935e-04
1.099110e-04
1.409054e-04
7.200241e-05
1.218319e-04
1.094341e-04
1.399517e-04
7.176399e-05
1.158714e-04
1.206398e-04
1.392365e-04
1.204014e-04
1.158714e-04
1.094341e-04
1.392365e-04
7.128716e-05
1.149178e-04
1.103878e-04
1.404285e-04
1.184940e-04
1.139641e-04
1.096725e-04
1.430511e-04
7.653236e-05
1.144409e-04
1.208782e-04
1.401901e-04
7.438660e-05
1.153946e-04
1.189709e-04
1.404285e-04
1.184940e-04
1.254082e-04
1.063347e-04
1.401901e-04
1.192093e-04
1.215935e-04
1.108646e-04
1.404285e-04
7.200241e-05
1.215935e-04
1.070499e-04
1.389980e-04
7.390976e-05
1.184940e-04
1.089573e-04
1.411438e-04
7.152557e-05
1.158714e-04
1.227856e-04
1.394749e-04
7.176399e-05
1.156330e-04
1.056194e-04
1.394749e-04
1.199245e-04
1.218319e-04
1.063347e-04
1.063347e-04
1.060963e-04
1.184940e-04
1.189709e-04
1.060963e-04
1.099110e-04
1.060963e-04
1.192093e-04
1.068115e-04
1.027584e-04
1.201630e-04
1.177788e-04
1.044273e-04
1.049042e-04
1.091957e-04
1.091957e-04
1.220703e-04
1.249313e-04
7.700920e-05
1.194477e-04
1.227856e-04
1.251698e-04
7.224083e-05
8.726120e-05
1.218319e-04
1.273155e-04
7.271767e-05
1.194477e-04
1.153946e-04
1.251698e-04
1.184940e-04
8.726120e-05
1.158714e-04
1.251698e-04
1.199245e-04
1.184940e-04
1.153946e-04
1.249313e-04
7.367134e-05
8.773804e-05
1.215935e-04
1.249313e-04
7.534027e-05
1.034737e-04
1.249313e-04
1.254082e-04
1.199245e-04
1.196861e-04
1.237392e-04
1.251698e-04
1.194477e-04
8.916855e-05
1.161098e-04
1.244545e-04
7.200241e-05
8.773804e-05
1.156330e-04
1.246929e-04
7.152557e-05
1.189709e-04
1.277924e-04
1.244545e-04
7.176399e-05
1.189709e-04
1.251698e-04
1.285076e-04
7.438660e-05
8.702278e-05
1.151562e-04
1.246929e-04
7.200241e-05
1.189709e-04
1.218319e-04
1.280308e-04
7.176399e-05
1.208782e-04
1.153946e-04
1.251698e-04
7.152557e-05
1.189709e-04
1.175404e-04
1.237392e-04
7.462502e-05
8.726120e-05
1.218319e-04
1.273155e-04
7.319450e-05
1.196861e-04
1.161098e-04
1.244545e-04
1.196861e-04
1.213551e-04
1.225471e-04
1.275539e-04
7.462502e-05
1.189709e-04
1.168251e-04
1.270771e-04
1.204014e-04
1.206398e-04
1.122952e-04
1.404285e-04
7.200241e-05
1.165867e-04
1.187325e-04
1.406670e-04
7.224083e-05
1.254082e-04
1.096725e-04
1.430511e-04
1.201630e-04
1.137257e-04
1.251698e-04
1.387596e-04
1.204014e-04
1.218319e-04
1.194477e-04
1.435280e-04
7.224083e-05
1.256466e-04
1.111031e-04
1.394749e-04
7.152557e-05
1.189709e-04
1.094341e-04
1.409054e-04
1.201630e-04
1.220703e-04
1.199245e-04
1.413822e-04
1.330376e-04
1.151562e-04
1.204014e-04
1.399517e-04
7.247925e-05
1.158714e-04
1.094341e-04
1.432896e-04
1.192093e-04
1.165867e-04
1.187325e-04
1.392365e-04
7.486343e-05
1.175404e-04
1.080036e-04
1.406670e-04
7.510185e-05
1.215935e-04
1.099110e-04
1.416206e-04
7.462502e-05
1.215935e-04
1.189709e-04
1.406670e-04
1.187325e-04
1.139641e-04
1.201630e-04
1.394749e-04
1.213551e-04
1.184940e-04
1.089573e-04
1.409054e-04
7.271767e-05
1.199245e-04
1.091957e-04
1.406670e-04
1.192093e-04
1.139641e-04
1.096725e-04
1.399517e-04
7.224083e-05
1.239777e-04
1.075268e-04
1.406670e-04
7.462502e-05
1.180172e-04
1.199245e-04
1.385212e-04
7.224083e-05
1.227856e-04
1.218319e-04
1.409054e-04
1.187325e-04
1.151562e-04
1.189709e-04
1.409054e-04
7.438660e-05
1.177788e-04
1.127720e-04
1.401901e-04
1.187325e-04
1.161098e-04
1.094341e-04
1.413822e-04
1.189709e-04
1.170635e-04
1.196861e-04
1.385212e-04
1.218319e-04
1.220703e-04
1.189709e-04
1.380444e-04
7.200241e-05
1.215935e-04
1.187325e-04
1.368523e-04
1.206398e-04
1.242161e-04
1.208782e-04
1.389980e-04
7.486343e-05
1.153946e-04
1.089573e-04
1.401901e-04
7.247925e-05
1.242161e-04
1.201630e-04
1.401901e-04
7.224083e-05
1.151562e-04
1.180172e-04
1.428127e-04
7.224083e-05
1.156330e-04
1.187325e-04
1.401901e-04
1.220703e-04
1.158714e-04
1.204014e-04
1.404285e-04
7.200241e-05
1.156330e-04
1.184940e-04
1.375675e-04
7.152557e-05
1.175404e-04
1.192093e-04
1.375675e-04
7.486343e-05
1.249313e-04
1.189709e-04
1.404285e-04
1.187325e-04
1.158714e-04
1.192093e-04
1.409054e-04
7.128716e-05
1.220703e-04
1.201630e-04
1.404285e-04
7.224083e-05
1.220703e-04
1.192093e-04
1.409054e-04
7.629395e-05
1.213551e-04
1.091957e-04
1.399517e-04
7.295609e-05
1.153946e-04
1.091957e-04
1.401901e-04
1.182556e-04
1.215935e-04
1.184940e-04
1.404285e-04
1.187325e-04
1.206398e-04
1.192093e-04
1.373291e-04
7.057190e-05
1.189709e-04
1.091957e-04
1.409054e-04
7.462502e-05
1.215935e-04
1.099110e-04
1.399517e-04
7.534027e-05
1.156330e-04
1.189709e-04
1.394749e-04
7.224083e-05
1.165867e-04
1.192093e-04
1.416206e-04
1.192093e-04
1.153946e-04
1.211166e-04
1.397133e-04
1.187325e-04
1.161098e-04
1.199245e-04
1.125336e-04
1.058578e-04
7.486343e-05
8.821487e-05
1.089573e-04
1.034737e-04
7.200241e-05
8.630753e-05
1.192093e-04
1.046658e-04
1.211166e-04
1.215935e-04
1.199245e-04
1.065731e-04
7.176399e-05
1.184940e-04
1.184940e-04
1.058578e-04
7.486343e-05
1.201630e-04
1.187325e-04
1.060963e-04
1.091957e-04
1.122952e-04
1.072884e-04
1.060963e-04
1.099110e-04
1.192093e-04
1.213551e-04
1.096725e-04
1.027584e-04
1.242161e-04
1.072884e-04
1.096725e-04
1.046658e-04
1.077652e-04
1.184940e-04
1.032352e-04
1.091957e-04
1.225471e-04
1.230240e-04
1.127720e-04
1.058578e-04
1.225471e-04
1.125336e-04
1.132488e-04
1.091957e-04
1.232624e-04
1.225471e-04
1.125336e-04
1.120567e-04
1.235008e-04
1.232624e-04
1.103878e-04
1.149178e-04
1.218319e-04
1.220703e-04
1.103878e-04
1.146793e-04
1.249313e-04
1.211166e-04
1.108646e-04
1.158714e-04
1.220703e-04
1.211166e-04
1.094341e-04
1.106262e-04
1.208782e-04
1.220703e-04
1.103878e-04
1.089573e-04
1.223087e-04
1.237392e-04
1.101494e-04
1.151562e-04
1.220703e-04
1.101494e-04
1.094341e-04
1.118183e-04
1.215935e-04
1.184940e-04
1.149178e-04
1.122952e-04
1.223087e-04
1.227856e-04
1.101494e-04
1.075268e-04
1.301765e-04
1.239777e-04
1.132488e-04
1.091957e-04
1.239777e-04
1.211166e-04
1.113415e-04
1.091957e-04
1.249313e-04
1.225471e-04
1.101494e-04
1.153946e-04
1.251698e-04
1.189709e-04
1.075268e-04
1.068115e-04
1.246929e-04
1.213551e-04
1.182556e-04
1.060963e-04
1.218319e-04
1.173019e-04
1.101494e-04
1.094341e-04
1.256466e-04
1.220703e-04
1.111031e-04
1.094341e-04
1.242161e-04
1.227856e-04
1.072884e-04
1.137257e-04
1.230240e-04
1.122952e-04
1.428127e-04
7.915497e-05
1.158714e-04
1.182556e-04
1.416206e-04
1.347065e-04
1.220703e-04
1.258850e-04
1.225471e-04
1.130104e-04
1.316071e-04
1.153946e-04
1.199245e-04
1.156330e-04
1.285076e-04
1.084805e-04
1.213551e-04
1.225471e-04
1.318455e-04
1.087189e-04
1.225471e-04
1.223087e-04
1.292229e-04
1.058578e-04
1.218319e-04
1.235008e-04
1.180172e-04
1.473427e-04
7.462502e-05
1.237392e-04
9.202957e-05
1.285076e-04
7.796288e-05
1.211166e-04
1.215935e-04
1.263618e-04
7.486343e-05
1.208782e-04
1.208782e-04
1.316071e-04
7.653236e-05
1.225471e-04
1.223087e-04
1.327991e-04
8.320808e-05
8.630753e-05
1.215935e-04
1.294613e-04
7.700920e-05
1.251698e-04
8.606911e-05
1.282692e-04
7.629395e-05
1.218319e-04
1.227856e-04
1.287460e-04
7.772446e-05
1.223087e-04
1.208782e-04
1.280308e-04
7.486343e-05
1.220703e-04
1.206398e-04
1.320839e-04
7.796288e-05
1.220703e-04
1.223087e-04
1.385212e-04
7.200241e-05
1.103878e-04
1.235008e-04
1.292229e-04
7.390976e-05
1.218319e-04
1.211166e-04
1.261234e-04
7.653236e-05
1.215935e-04
1.223087e-04
1.342297e-04
7.510185e-05
1.220703e-04
1.187325e-04
1.316071e-04
7.629395e-05
1.206398e-04
1.211166e-04
1.296997e-04
7.748604e-05
1.218319e-04
1.211166e-04
1.280308e-04
7.510185e-05
1.211166e-04
1.223087e-04
1.318455e-04
7.152557e-05
1.225471e-04
1.218319e-04
1.318455e-04
7.438660e-05
1.225471e-04
1.227856e-04
1.251698e-04
7.152557e-05
1.227856e-04
1.208782e-04
1.323223e-04
7.796288e-05
1.220703e-04
1.225471e-04
1.292229e-04
7.462502e-05
1.096725e-04
1.211166e-04
1.306534e-04
7.414818e-05
1.223087e-04
1.211166e-04
1.292229e-04
7.796288e-05
1.099110e-04
9.489059e-05
1.261234e-04
7.700920e-05
1.223087e-04
1.194477e-04
1.289845e-04
1.459122e-04
7.724762e-05
1.175404e-04
1.208782e-04
1.382828e-04
1.211166e-04
1.223087e-04
1.225471e-04
1.115799e-04
1.101494e-04
7.772446e-05
1.213551e-04
1.225471e-04
1.108646e-04
1.213551e-04
1.177788e-04
1.232624e-04
1.127720e-04
1.225471e-04
8.964539e-05
1.122952e-04
1.077652e-04
7.772446e-05
1.220703e-04
1.220703e-04
1.103878e-04
7.557869e-05
1.223087e-04
1.227856e-04
1.127720e-04
1.223087e-04
1.244545e-04
1.218319e-04
1.244545e-04
1.287460e-04
1.151562e-04
1.215935e-04
1.213551e-04
1.282692e-04
1.115799e-04
1.227856e-04
1.220703e-04
1.261234e-04
1.146793e-04
1.266003e-04
1.192093e-04
1.318455e-04
1.115799e-04
1.227856e-04
1.509190e-04
1.256466e-04
1.046658e-04
1.096725e-04
1.180172e-04
1.318455e-04
1.137257e-04
1.215935e-04
1.165867e-04
1.316071e-04
1.156330e-04
1.230240e-04
1.239777e-04
1.893044e-04
1.912117e-04
7.820129e-05
1.158714e-04
1.130104e-04
1.420975e-04
1.015663e-04
1.542568e-04
9.417534e-05
1.225471e-04
1.137257e-04
8.082390e-05
1.223087e-04
1.251698e-04
1.096725e-04
1.239777e-04
1.227856e-04
1.213551e-04
1.060963e-04
7.390976e-05
1.225471e-04
1.249313e-04
1.103878e-04
7.796288e-05
1.184940e-04
1.220703e-04
1.325607e-04
1.223087e-04
1.218319e-04
1.227856e-04
1.280308e-04
7.772446e-05
1.213551e-04
1.235008e-04
1.301765e-04
7.295609e-05
1.208782e-04
1.242161e-04
1.263618e-04
7.772446e-05
1.223087e-04
1.232624e-04
1.308918e-04
7.796288e-05
1.206398e-04
1.184940e-04
1.320839e-04
7.796288e-05
1.149178e-04
1.220703e-04
1.287460e-04
7.462502e-05
1.149178e-04
1.208782e-04
1.270771e-04
7.390976e-05
1.156330e-04
1.142025e-04
1.292229e-04
7.748604e-05
1.151562e-04
1.211166e-04
1.318455e-04
7.700920e-05
1.475811e-04
1.196861e-04
1.258850e-04
7.677078e-05
1.153946e-04
1.273155e-04
1.296997e-04
7.629395e-05
1.156330e-04
1.220703e-04
1.323223e-04
7.820129e-05
1.218319e-04
1.246929e-04
1.304150e-04
