7.100105e-04
7.565022e-04
5.235672e-04
5.228519e-04
5.214214e-04
5.331039e-04
5.216599e-04
5.342960e-04
5.834103e-04
4.949570e-04
5.683899e-04
5.269051e-04
5.221367e-04
5.843639e-04
4.930496e-04
5.633831e-04
5.221367e-04
5.238056e-04
5.235672e-04
5.259514e-04
7.658005e-04
5.681515e-04
5.838871e-04
4.961491e-04
5.834103e-04
4.949570e-04
5.624294e-04
4.956722e-04
5.826950e-04
4.911423e-04
5.619526e-04
5.621910e-04
4.954338e-04
5.674362e-04
7.355213e-04
5.278587e-04
5.226135e-04
5.309582e-04
5.857944e-04
4.928112e-04
5.669594e-04
5.211830e-04
5.149841e-04
5.772114e-04
5.276203e-04
5.269051e-04
5.259514e-04
5.245209e-04
5.223751e-04
5.142689e-04
5.676746e-04
5.249977e-04
5.216599e-04
5.807877e-04
4.899502e-04
5.824566e-04
4.889965e-04
5.676746e-04
5.230904e-04
5.168915e-04
5.602837e-04
5.638599e-04
5.254745e-04
7.696152e-04
4.954338e-04
5.733967e-04
7.526875e-04
5.252361e-04
5.216599e-04
5.209446e-04
5.209446e-04
5.280972e-04
5.249977e-04
5.233288e-04
5.240440e-04
5.266666e-04
5.266666e-04
5.223751e-04
5.834103e-04
7.514954e-04
5.249977e-04
7.698536e-04
4.997253e-04
5.745888e-04
7.507801e-04
5.247593e-04
7.729530e-04
4.990101e-04
5.760193e-04
4.928112e-04
5.741119e-04
4.954338e-04
5.865097e-04
4.949570e-04
5.702972e-04
5.199909e-04
5.290508e-04
5.218983e-04
5.209446e-04
5.288124e-04
5.242825e-04
5.805492e-04
5.195141e-04
4.849434e-04
5.288124e-04
5.285740e-04
5.264282e-04
5.853176e-04
5.836487e-04
5.202293e-04
5.598068e-04
4.944801e-04
5.202293e-04
5.812645e-04
5.211830e-04
7.369518e-04
4.949570e-04
5.254745e-04
5.853176e-04
5.211830e-04
7.367134e-04
4.968643e-04
5.183220e-04
5.617142e-04
5.662441e-04
5.819798e-04
7.693768e-04
5.300045e-04
7.529259e-04
4.947186e-04
5.249977e-04
5.803108e-04
7.693768e-04
5.264282e-04
7.498264e-04
4.973412e-04
5.209446e-04
5.848408e-04
5.245209e-04
5.619526e-04
4.944801e-04
5.230904e-04
5.846024e-04
5.824566e-04
5.238056e-04
4.937649e-04
5.211830e-04
5.829334e-04
5.865097e-04
5.211830e-04
5.581379e-04
5.235672e-04
5.822182e-04
5.197525e-04
4.799366e-04
5.154610e-04
5.366802e-04
5.249977e-04
5.824566e-04
5.807877e-04
5.214214e-04
5.633831e-04
4.937649e-04
5.202293e-04
5.605221e-04
5.602837e-04
5.226135e-04
5.173683e-04
5.648136e-04
5.214214e-04
5.648136e-04
5.803108e-04
5.221367e-04
7.519722e-04
4.982948e-04
5.226135e-04
4.892349e-04
5.221367e-04
5.836487e-04
7.705688e-04
5.216599e-04
4.806519e-04
5.137920e-04
5.340576e-04
5.805492e-04
5.230904e-04
4.930496e-04
5.207062e-04
5.831718e-04
5.240440e-04
4.944801e-04
5.266666e-04
5.838871e-04
5.223751e-04
4.823208e-04
5.373955e-04
5.848408e-04
5.214214e-04
5.617142e-04
5.204678e-04
5.645752e-04
5.805492e-04
7.691383e-04
5.192757e-04
4.868507e-04
5.431175e-04
5.822182e-04
7.653236e-04
5.216599e-04
4.863739e-04
5.142689e-04
5.307198e-04
5.795956e-04
5.636215e-04
5.202293e-04
4.842281e-04
5.135536e-04
5.295277e-04
5.247593e-04
5.741119e-04
5.676746e-04
5.204678e-04
7.362366e-04
4.975796e-04
5.147457e-04
5.648136e-04
5.791187e-04
5.207062e-04
7.467270e-04
7.586479e-04
7.700920e-04
5.826950e-04
7.708073e-04
5.214214e-04
4.820824e-04
5.147457e-04
5.326271e-04
5.214214e-04
5.695820e-04
5.226135e-04
4.932880e-04
5.154610e-04
5.633831e-04
5.867481e-04
5.214214e-04
5.664825e-04
4.947186e-04
5.207062e-04
5.655289e-04
5.881786e-04
5.218983e-04
5.619526e-04
4.913807e-04
5.192757e-04
5.841255e-04
5.779266e-04
7.557869e-04
5.631447e-04
4.880428e-04
5.300045e-04
5.323887e-04
5.822182e-04
5.233288e-04
5.185604e-04
7.362366e-04
5.204678e-04
5.609989e-04
5.619526e-04
4.961491e-04
5.178452e-04
5.688667e-04
5.877018e-04
7.696152e-04
5.233288e-04
4.920959e-04
5.266666e-04
5.850792e-04
7.705688e-04
5.249977e-04
4.918575e-04
5.257130e-04
5.824566e-04
5.865097e-04
5.226135e-04
5.609989e-04
5.199909e-04
7.429123e-04
4.951954e-04
5.249977e-04
5.862713e-04
5.216599e-04
7.350445e-04
4.966259e-04
5.192757e-04
5.633831e-04
5.667210e-04
5.819798e-04
5.211830e-04
4.928112e-04
5.199909e-04
5.812645e-04
5.257130e-04
7.474422e-04
4.918575e-04
5.218983e-04
5.798340e-04
5.204678e-04
4.842281e-04
5.116463e-04
5.269051e-04
5.831718e-04
5.218983e-04
5.624294e-04
4.951954e-04
5.171299e-04
5.710125e-04
5.838871e-04
4.951954e-04
5.717278e-04
5.207062e-04
5.137920e-04
5.652905e-04
4.894733e-04
5.671978e-04
5.204678e-04
5.197525e-04
7.607937e-04
4.937649e-04
5.762577e-04
4.925728e-04
5.838871e-04
7.534027e-04
5.249977e-04
5.235672e-04
5.276203e-04
5.872250e-04
4.916191e-04
5.664825e-04
5.247593e-04
5.249977e-04
5.257130e-04
5.216599e-04
5.853176e-04
4.944801e-04
5.662441e-04
5.221367e-04
5.340576e-04
5.660057e-04
4.935265e-04
5.664825e-04
5.202293e-04
5.221367e-04
5.609989e-04
5.619526e-04
5.254745e-04
5.204678e-04
5.323887e-04
5.862713e-04
4.942417e-04
5.714893e-04
5.273819e-04
5.209446e-04
5.192757e-04
5.183220e-04
5.617142e-04
5.614758e-04
5.257130e-04
5.221367e-04
5.307198e-04
5.896091e-04
7.460117e-04
5.302429e-04
5.846024e-04
4.940033e-04
5.667210e-04
5.207062e-04
5.142689e-04
5.650520e-04
5.202293e-04
5.240440e-04
5.249977e-04
5.242825e-04
5.805492e-04
4.951954e-04
5.810261e-04
4.906654e-04
5.211830e-04
5.202293e-04
5.259514e-04
5.645752e-04
5.199909e-04
5.218983e-04
5.216599e-04
5.278587e-04
5.202293e-04
5.147457e-04
5.800724e-04
4.837513e-04
5.621910e-04
5.662441e-04
5.259514e-04
7.698536e-04
4.982948e-04
5.691051e-04
5.257130e-04
5.202293e-04
5.207062e-04
5.197525e-04
7.731915e-04
4.971027e-04
5.822182e-04
4.913807e-04
5.629063e-04
5.614758e-04
5.204678e-04
5.757809e-04
5.214214e-04
4.875660e-04
5.226135e-04
5.202293e-04
5.741119e-04
7.643700e-04
5.192757e-04
4.847050e-04
5.264282e-04
5.283356e-04
5.230904e-04
5.850792e-04
5.204678e-04
4.873276e-04
5.240440e-04
5.247593e-04
5.841255e-04
5.793571e-04
5.190372e-04
7.474422e-04
4.968643e-04
5.247593e-04
5.822182e-04
5.192757e-04
4.925728e-04
5.197525e-04
5.795956e-04
5.197525e-04
5.590916e-04
5.662441e-04
4.937649e-04
5.140305e-04
5.669594e-04
5.807877e-04
5.197525e-04
5.693436e-04
4.935265e-04
5.209446e-04
5.769730e-04
5.242825e-04
4.954338e-04
5.257130e-04
5.831718e-04
7.233620e-04
7.600784e-04
5.836487e-04
5.223751e-04
5.307198e-04
5.230904e-04
5.834103e-04
5.826950e-04
5.202293e-04
5.643368e-04
5.207062e-04
5.652905e-04
5.834103e-04
5.180836e-04
5.652905e-04
5.273819e-04
5.767345e-04
5.199909e-04
4.818439e-04
5.128384e-04
5.295277e-04
5.197525e-04
5.772114e-04
7.691383e-04
5.261898e-04
4.932880e-04
5.199909e-04
5.698204e-04
5.226135e-04
4.937649e-04
5.223751e-04
5.841255e-04
5.779266e-04
5.574226e-04
5.636215e-04
5.192757e-04
4.823208e-04
5.271435e-04
5.321503e-04
5.228519e-04
5.824566e-04
5.841255e-04
7.708073e-04
5.240440e-04
4.868507e-04
5.247593e-04
5.259514e-04
5.815029e-04
5.211830e-04
4.804134e-04
5.309582e-04
5.292892e-04
5.238056e-04
5.812645e-04
5.199909e-04
4.808903e-04
5.125999e-04
5.285740e-04
5.238056e-04
5.817413e-04
5.862713e-04
5.199909e-04
5.595684e-04
5.245209e-04
5.838871e-04
5.209446e-04
4.947186e-04
5.240440e-04
5.784035e-04
5.207062e-04
4.918575e-04
5.171299e-04
5.626678e-04
5.671978e-04
5.199909e-04
5.688667e-04
5.619526e-04
5.230904e-04
5.795956e-04
5.223751e-04
4.940033e-04
5.218983e-04
5.257130e-04
5.815029e-04
5.216599e-04
4.839897e-04
5.335808e-04
5.290508e-04
5.247593e-04
5.815029e-04
5.228519e-04
4.894733e-04
5.240440e-04
5.748272e-04
5.626678e-04
5.607605e-04
7.815361e-04
5.650520e-04
7.586479e-04
5.214214e-04
4.944801e-04
5.242825e-04
5.805492e-04
5.242825e-04
4.959106e-04
5.202293e-04
5.805492e-04
5.860329e-04
5.216599e-04
5.657673e-04
4.944801e-04
5.221367e-04
5.824566e-04
5.266666e-04
7.507801e-04
4.923344e-04
5.130768e-04
5.307198e-04
5.242825e-04
5.826950e-04
5.214214e-04
4.918575e-04
5.249977e-04
5.855560e-04
7.693768e-04
5.207062e-04
7.362366e-04
4.909039e-04
5.176067e-04
5.652905e-04
5.846024e-04
5.192757e-04
5.638599e-04
5.238056e-04
5.769730e-04
5.197525e-04
4.906654e-04
5.271435e-04
5.791187e-04
7.588863e-04
5.216599e-04
4.851818e-04
5.288124e-04
5.300045e-04
5.261898e-04
5.793571e-04
5.190372e-04
5.009174e-04
4.940033e-04
5.230904e-04
5.850792e-04
5.257130e-04
4.925728e-04
5.245209e-04
5.834103e-04
5.199909e-04
4.880428e-04
5.249977e-04
5.805492e-04
5.195141e-04
4.951954e-04
5.176067e-04
5.640984e-04
5.848408e-04
5.185604e-04
5.614758e-04
4.916191e-04
5.197525e-04
5.805492e-04
5.247593e-04
4.920959e-04
5.257130e-04
5.826950e-04
5.216599e-04
5.152225e-04
7.617474e-04
4.944801e-04
5.724430e-04
7.479191e-04
5.252361e-04
7.710457e-04
4.959106e-04
5.736351e-04
7.524490e-04
5.214214e-04
7.648468e-04
4.925728e-04
5.681515e-04
7.319450e-04
5.338192e-04
5.290508e-04
5.226135e-04
5.779266e-04
4.949570e-04
5.826950e-04
5.245209e-04
5.269051e-04
5.247593e-04
5.226135e-04
5.815029e-04
4.909039e-04
5.671978e-04
4.887581e-04
5.667210e-04
5.242825e-04
5.199909e-04
7.710457e-04
4.959106e-04
5.717278e-04
4.971027e-04
5.812645e-04
4.904270e-04
5.664825e-04
5.226135e-04
5.152225e-04
7.631779e-04
4.894733e-04
5.657673e-04
5.588531e-04
5.316734e-04
5.810261e-04
7.445812e-04
5.316734e-04
5.240440e-04
5.233288e-04
5.781651e-04
7.450581e-04
4.816055e-04
4.861355e-04
5.204678e-04
5.307198e-04
5.698204e-04
5.214214e-04
5.133152e-04
5.671978e-04
5.209446e-04
5.373955e-04
5.660057e-04
5.249977e-04
5.209446e-04
5.855560e-04
7.481575e-04
5.245209e-04
7.653236e-04
5.607605e-04
5.819798e-04
4.918575e-04
5.693436e-04
5.211830e-04
5.142689e-04
5.643368e-04
4.906654e-04
5.638599e-04
5.216599e-04
5.133152e-04
5.202293e-04
5.328655e-04
5.853176e-04
7.498264e-04
5.252361e-04
5.204678e-04
5.292892e-04
5.807877e-04
4.835129e-04
5.629063e-04
5.223751e-04
5.230904e-04
7.686615e-04
4.961491e-04
5.795956e-04
4.942417e-04
5.161762e-04
5.280972e-04
5.247593e-04
5.850792e-04
5.190372e-04
4.909039e-04
5.271435e-04
5.810261e-04
5.204678e-04
4.909039e-04
5.204678e-04
5.800724e-04
5.843639e-04
7.696152e-04
5.209446e-04
4.870892e-04
5.319118e-04
5.338192e-04
5.230904e-04
5.791187e-04
5.221367e-04
4.858971e-04
5.202293e-04
5.216599e-04
5.750656e-04
7.700920e-04
5.269051e-04
4.885197e-04
5.207062e-04
5.726814e-04
5.216599e-04
4.959106e-04
5.149841e-04
5.691051e-04
5.853176e-04
5.147457e-04
5.624294e-04
5.617142e-04
4.916191e-04
5.118847e-04
5.648136e-04
5.872250e-04
5.214214e-04
5.629063e-04
4.940033e-04
5.240440e-04
5.800724e-04
5.283356e-04
7.510185e-04
4.954338e-04
5.252361e-04
5.805492e-04
5.192757e-04
4.949570e-04
5.204678e-04
5.803108e-04
5.247593e-04
5.593300e-04
5.609989e-04
4.923344e-04
5.180836e-04
5.316734e-04
5.805492e-04
7.648468e-04
5.273819e-04
4.892349e-04
5.245209e-04
5.791187e-04
5.199909e-04
4.923344e-04
5.159378e-04
5.640984e-04
5.884171e-04
7.688999e-04
5.249977e-04
4.971027e-04
5.199909e-04
5.860329e-04
7.688999e-04
5.199909e-04
4.837513e-04
5.121231e-04
5.304813e-04
5.211830e-04
5.722046e-04
7.693768e-04
5.218983e-04
7.410049e-04
4.997253e-04
5.185604e-04
5.643368e-04
5.888939e-04
5.195141e-04
5.598068e-04
5.249977e-04
5.812645e-04
5.862713e-04
5.218983e-04
5.614758e-04
4.947186e-04
5.216599e-04
5.798340e-04
5.834103e-04
5.230904e-04
7.417202e-04
4.973412e-04
5.240440e-04
5.891323e-04
5.230904e-04
4.920959e-04
5.199909e-04
5.881786e-04
5.831718e-04
5.197525e-04
4.935265e-04
5.171299e-04
5.674362e-04
5.843639e-04
7.698536e-04
5.216599e-04
4.937649e-04
5.257130e-04
5.831718e-04
5.192757e-04
4.937649e-04
5.190372e-04
5.624294e-04
5.748272e-04
5.798340e-04
7.648468e-04
5.183220e-04
4.932880e-04
5.233288e-04
5.273819e-04
5.824566e-04
5.221367e-04
4.816055e-04
5.128384e-04
5.297661e-04
5.238056e-04
5.824566e-04
5.214214e-04
4.835129e-04
5.125999e-04
5.304813e-04
5.819798e-04
5.211830e-04
4.944801e-04
5.173683e-04
5.643368e-04
5.793571e-04
5.168915e-04
5.614758e-04
5.617142e-04
4.930496e-04
5.187988e-04
5.772114e-04
5.209446e-04
4.904270e-04
5.249977e-04
5.817413e-04
5.216599e-04
4.923344e-04
5.145073e-04
5.650520e-04
5.819798e-04
5.218983e-04
4.882812e-04
5.254745e-04
5.853176e-04
5.838871e-04
5.197525e-04
5.612373e-04
4.942417e-04
5.226135e-04
5.795956e-04
5.235672e-04
4.918575e-04
5.261898e-04
5.841255e-04
5.810261e-04
5.187988e-04
7.503033e-04
4.940033e-04
5.233288e-04
5.829334e-04
7.700920e-04
5.266666e-04
4.911423e-04
5.252361e-04
5.822182e-04
5.829334e-04
5.218983e-04
5.640984e-04
4.916191e-04
5.173683e-04
7.500648e-04
5.259514e-04
4.916191e-04
5.199909e-04
5.807877e-04
5.226135e-04
4.920959e-04
5.209446e-04
5.803108e-04
5.204678e-04
5.631447e-04
5.652905e-04
5.264282e-04
5.834103e-04
5.805492e-04
7.703304e-04
5.197525e-04
5.671978e-04
5.691051e-04
4.904270e-04
5.245209e-04
5.252361e-04
5.223751e-04
5.197525e-04
5.223751e-04
5.819798e-04
7.493496e-04
5.247593e-04
5.199909e-04
5.311966e-04
5.218983e-04
5.295277e-04
5.772114e-04
5.204678e-04
5.295277e-04
5.650520e-04
4.906654e-04
5.648136e-04
5.190372e-04
5.204678e-04
5.271435e-04
5.271435e-04
5.202293e-04
5.247593e-04
7.693768e-04
4.971027e-04
5.660057e-04
5.602837e-04
5.300045e-04
5.798340e-04
4.923344e-04
5.836487e-04
4.897118e-04
5.662441e-04
7.858276e-04
5.939007e-04
4.937649e-04
5.681515e-04
5.590916e-04
5.364418e-04
5.824566e-04
4.930496e-04
5.676746e-04
4.980564e-04
5.836487e-04
5.261898e-04
5.233288e-04
5.803108e-04
7.488728e-04
5.269051e-04
7.691383e-04
4.954338e-04
5.707741e-04
7.631779e-04
