1.744385e-01
1.698518e-01
1.697824e-01
1.696777e-01
1.699698e-01
1.699803e-01
1.695271e-01
1.698179e-01
1.697254e-01
1.695759e-01
1.697259e-01
1.699297e-01
1.694074e-01
1.691337e-01
1.700845e-01
1.703959e-01
1.702888e-01
1.703424e-01
1.701691e-01
1.703057e-01
1.700284e-01
1.701212e-01
1.695557e-01
1.703115e-01
1.703291e-01
1.702375e-01
1.702578e-01
1.700802e-01
1.700430e-01
1.698341e-01
1.703374e-01
1.703501e-01
1.703496e-01
1.700706e-01
1.703739e-01
1.704535e-01
1.702137e-01
1.702199e-01
1.705163e-01
1.701727e-01
1.705921e-01
1.693280e-01
1.701462e-01
1.703324e-01
1.704383e-01
1.700206e-01
1.698124e-01
1.703877e-01
1.702352e-01
1.700227e-01
1.704867e-01
1.703303e-01
1.701062e-01
1.703794e-01
1.700883e-01
1.706867e-01
1.701617e-01
1.700077e-01
1.701775e-01
1.705472e-01
1.701467e-01
1.702392e-01
1.704111e-01
1.700933e-01
1.700475e-01
1.703331e-01
1.701255e-01
1.702561e-01
1.696498e-01
1.705804e-01
1.702266e-01
1.705511e-01
1.703691e-01
1.695373e-01
1.701477e-01
1.705201e-01
1.699197e-01
1.704080e-01
1.702893e-01
1.703897e-01
1.710730e-01
1.700170e-01
1.702657e-01
1.701887e-01
1.706405e-01
1.703513e-01
1.708515e-01
1.708434e-01
1.706872e-01
1.700661e-01
1.700315e-01
1.702278e-01
1.703598e-01
1.704347e-01
1.701255e-01
1.702266e-01
1.704693e-01
1.706920e-01
1.706727e-01
1.700552e-01
1.699989e-01
1.705861e-01
1.703176e-01
1.701639e-01
1.702604e-01
1.704438e-01
1.699355e-01
1.705239e-01
1.702611e-01
1.703796e-01
1.700456e-01
1.700463e-01
1.706228e-01
1.703489e-01
1.701190e-01
1.703935e-01
1.702290e-01
1.702809e-01
1.700325e-01
1.704979e-01
1.700397e-01
1.702588e-01
1.699398e-01
1.702721e-01
1.700699e-01
1.702225e-01
1.701162e-01
1.713624e-01
1.710796e-01
1.703525e-01
1.705933e-01
1.702852e-01
1.701174e-01
1.705604e-01
1.703513e-01
1.701453e-01
1.705201e-01
1.704495e-01
1.702313e-01
1.702547e-01
1.701133e-01
1.700330e-01
1.702573e-01
1.701319e-01
1.699648e-01
1.741114e-01
1.700649e-01
1.705148e-01
1.703007e-01
1.702673e-01
1.699669e-01
1.703951e-01
1.698515e-01
1.703730e-01
1.708941e-01
1.698449e-01
1.703625e-01
1.702430e-01
1.699297e-01
1.704431e-01
1.701155e-01
1.701148e-01
1.701388e-01
1.699421e-01
1.698370e-01
1.697543e-01
1.697171e-01
1.705809e-01
1.701646e-01
1.699991e-01
1.705265e-01
1.696239e-01
1.701646e-01
1.700089e-01
1.725481e-01
1.705949e-01
1.705077e-01
1.705711e-01
1.702600e-01
1.706924e-01
1.705749e-01
1.701288e-01
1.700540e-01
1.699028e-01
1.699688e-01
1.702032e-01
1.702337e-01
1.699169e-01
1.704364e-01
1.703358e-01
1.697361e-01
1.701722e-01
1.701844e-01
1.696410e-01
1.702523e-01
1.699083e-01
1.703310e-01
1.703427e-01
1.700950e-01
1.700540e-01
1.699102e-01
1.702497e-01
1.694102e-01
1.703799e-01
1.702518e-01
1.702347e-01
1.705127e-01
1.704659e-01
1.703060e-01
1.701632e-01
1.703219e-01
1.705852e-01
1.699395e-01
1.704752e-01
1.704528e-01
1.731536e-01
1.696270e-01
1.704512e-01
1.707828e-01
1.705346e-01
1.703188e-01
1.700828e-01
1.707077e-01
1.702726e-01
1.696224e-01
1.704936e-01
1.703613e-01
1.705205e-01
1.712914e-01
1.704638e-01
1.703553e-01
1.707208e-01
1.708157e-01
1.703703e-01
1.702030e-01
1.705763e-01
1.702061e-01
1.701031e-01
1.693521e-01
1.696308e-01
1.702092e-01
1.698387e-01
1.696718e-01
1.696403e-01
1.722505e-01
1.696370e-01
1.698246e-01
1.699255e-01
1.700940e-01
1.711838e-01
1.696191e-01
1.703095e-01
1.705296e-01
1.699560e-01
1.701043e-01
1.704376e-01
1.703744e-01
1.703069e-01
1.699204e-01
1.705239e-01
1.705711e-01
1.700790e-01
1.700549e-01
1.700246e-01
1.700051e-01
1.701453e-01
1.702659e-01
1.701121e-01
1.701796e-01
1.712291e-01
1.702926e-01
1.701307e-01
1.701312e-01
1.756721e-01
1.700222e-01
1.700218e-01
1.696901e-01
1.702118e-01
1.702826e-01
1.703320e-01
1.701996e-01
1.698647e-01
1.703000e-01
1.700857e-01
1.702809e-01
1.701283e-01
1.703138e-01
1.701620e-01
1.697540e-01
1.700320e-01
1.702809e-01
1.703341e-01
1.703105e-01
1.699834e-01
1.701572e-01
1.713583e-01
1.698997e-01
1.704266e-01
1.701906e-01
1.697481e-01
1.702685e-01
1.705654e-01
1.698818e-01
1.699114e-01
1.702194e-01
1.702759e-01
1.729469e-01
1.728320e-01
1.727626e-01
1.726515e-01
1.728609e-01
1.725338e-01
1.726763e-01
1.728489e-01
1.729143e-01
1.729341e-01
1.727467e-01
1.727324e-01
1.730385e-01
1.729007e-01
1.728375e-01
1.726134e-01
1.729164e-01
1.728752e-01
1.725628e-01
1.728764e-01
1.724930e-01
1.726768e-01
1.731005e-01
1.730089e-01
1.728597e-01
1.726999e-01
1.726935e-01
1.728406e-01
1.736462e-01
1.752071e-01
1.753683e-01
1.751075e-01
1.750262e-01
1.749370e-01
1.752861e-01
1.755345e-01
1.753356e-01
1.764235e-01
1.760998e-01
