1.329899e-03
1.121283e-03
1.108646e-03
1.057625e-03
1.054049e-03
1.068830e-03
1.061440e-03
8.764267e-04
9.379387e-04
9.286404e-04
9.181499e-04
8.809566e-04
8.838177e-04
8.881092e-04
8.938313e-04
8.862019e-04
8.828640e-04
8.821487e-04
8.912086e-04
8.907318e-04
8.869171e-04
8.816719e-04
8.904934e-04
8.914471e-04
8.797646e-04
9.074211e-04
8.838177e-04
8.909702e-04
8.924007e-04
8.955002e-04
8.842945e-04
8.811951e-04
8.888245e-04
8.819103e-04
8.769035e-04
8.842945e-04
9.241104e-04
9.253025e-04
8.826256e-04
9.350777e-04
9.245872e-04
9.279251e-04
9.288788e-04
9.346008e-04
9.262562e-04
9.236336e-04
9.214878e-04
9.286404e-04
9.334087e-04
9.295940e-04
9.300709e-04
9.286404e-04
9.298325e-04
9.245872e-04
9.295940e-04
9.276867e-04
8.916855e-04
8.962154e-04
8.866787e-04
8.897781e-04
8.895397e-04
9.219646e-04
9.310246e-04
9.331703e-04
9.272099e-04
9.226799e-04
9.167194e-04
9.202957e-04
9.374619e-04
9.341240e-04
9.291172e-04
9.281635e-04
9.272099e-04
9.324551e-04
9.279251e-04
9.286404e-04
9.293556e-04
9.329319e-04
9.274483e-04
9.272099e-04
9.260178e-04
9.355545e-04
9.272099e-04
9.255409e-04
9.176731e-04
9.217262e-04
9.284019e-04
9.357929e-04
9.300709e-04
9.274483e-04
9.274483e-04
9.326935e-04
9.269714e-04
9.272099e-04
9.279251e-04
8.981228e-04
8.866787e-04
8.831024e-04
8.902550e-04
8.926392e-04
8.947849e-04
9.357929e-04
9.219646e-04
9.217262e-04
8.904934e-04
9.307861e-04
9.331703e-04
9.276867e-04
8.871555e-04
9.171963e-04
9.255409e-04
8.778572e-04
9.210110e-04
9.388924e-04
8.897781e-04
9.243488e-04
9.291172e-04
8.995533e-04
9.279251e-04
9.291172e-04
8.900166e-04
9.229183e-04
9.305477e-04
9.005070e-04
9.295940e-04
9.293556e-04
8.885860e-04
9.167194e-04
9.167194e-04
8.862019e-04
9.331703e-04
9.260178e-04
9.288788e-04
9.236336e-04
9.291172e-04
9.326935e-04
8.895397e-04
9.255409e-04
9.276867e-04
9.019375e-04
9.276867e-04
9.264946e-04
8.819103e-04
9.348392e-04
9.267330e-04
8.885860e-04
9.169579e-04
8.821487e-04
9.324551e-04
9.193420e-04
9.207726e-04
8.857250e-04
9.267330e-04
9.312630e-04
9.334087e-04
8.997917e-04
9.286404e-04
9.274483e-04
9.269714e-04
9.055138e-04
9.298325e-04
9.284019e-04
9.274483e-04
8.974075e-04
9.250641e-04
9.243488e-04
9.179115e-04
9.219646e-04
9.298325e-04
8.993149e-04
9.269714e-04
9.295940e-04
8.969307e-04
9.241104e-04
9.257793e-04
9.257793e-04
8.795261e-04
9.143353e-04
8.831024e-04
9.195805e-04
8.785725e-04
9.179115e-04
9.210110e-04
9.350777e-04
9.241104e-04
9.267330e-04
8.962154e-04
9.336472e-04
9.284019e-04
9.274483e-04
8.919239e-04
9.326935e-04
9.276867e-04
9.210110e-04
9.167194e-04
9.214878e-04
9.257793e-04
9.312630e-04
9.272099e-04
8.871555e-04
9.260178e-04
8.943081e-04
9.443760e-04
9.295940e-04
9.241104e-04
8.814335e-04
9.303093e-04
9.334087e-04
8.819103e-04
9.248257e-04
9.284019e-04
9.288788e-04
8.981228e-04
9.291172e-04
9.279251e-04
8.938313e-04
9.307861e-04
9.243488e-04
9.269714e-04
8.912086e-04
9.281635e-04
9.388924e-04
9.293556e-04
8.945465e-04
9.279251e-04
9.334087e-04
9.276867e-04
8.864403e-04
9.186268e-04
9.281635e-04
8.962154e-04
9.286404e-04
9.191036e-04
9.219646e-04
8.876324e-04
9.341240e-04
9.205341e-04
9.224415e-04
8.904934e-04
9.243488e-04
8.993149e-04
9.362698e-04
9.195805e-04
9.229183e-04
8.912086e-04
9.236336e-04
9.350777e-04
9.281635e-04
8.859634e-04
9.167194e-04
9.222031e-04
8.866787e-04
9.183884e-04
8.819103e-04
1.099110e-03
9.191036e-04
8.912086e-04
9.276867e-04
9.288788e-04
9.295940e-04
8.940697e-04
9.295940e-04
9.214878e-04
9.200573e-04
8.935928e-04
9.324551e-04
9.281635e-04
9.286404e-04
9.300709e-04
9.324551e-04
9.284019e-04
8.997917e-04
9.267330e-04
9.355545e-04
9.281635e-04
8.876324e-04
9.195805e-04
8.916855e-04
9.341240e-04
9.295940e-04
9.248257e-04
8.926392e-04
9.331703e-04
9.279251e-04
9.281635e-04
8.931160e-04
9.291172e-04
9.267330e-04
9.274483e-04
8.881092e-04
9.322166e-04
9.288788e-04
9.298325e-04
8.916855e-04
9.315014e-04
9.284019e-04
9.295940e-04
8.916855e-04
9.343624e-04
9.293556e-04
9.312630e-04
9.295940e-04
9.338856e-04
9.326935e-04
8.919239e-04
9.276867e-04
9.279251e-04
9.336472e-04
8.921623e-04
9.243488e-04
9.269714e-04
9.343624e-04
8.914471e-04
9.288788e-04
9.267330e-04
9.353161e-04
8.950233e-04
8.859634e-04
8.876324e-04
8.907318e-04
9.291172e-04
9.288788e-04
9.338856e-04
9.238720e-04
9.274483e-04
9.300709e-04
9.329319e-04
9.224415e-04
9.245872e-04
9.255409e-04
9.248257e-04
9.274483e-04
9.267330e-04
9.291172e-04
9.319782e-04
9.348392e-04
9.245872e-04
9.264946e-04
9.205341e-04
9.310246e-04
9.305477e-04
9.300709e-04
9.293556e-04
9.291172e-04
9.346008e-04
9.281635e-04
9.274483e-04
9.286404e-04
9.312630e-04
9.288788e-04
9.262562e-04
8.921623e-04
9.315014e-04
9.245872e-04
9.293556e-04
9.269714e-04
9.343624e-04
9.243488e-04
9.200573e-04
9.288788e-04
9.326935e-04
9.343624e-04
9.269714e-04
9.260178e-04
8.988380e-04
8.964539e-04
8.873940e-04
8.862019e-04
8.881092e-04
9.195805e-04
9.276867e-04
9.334087e-04
9.231567e-04
9.231567e-04
9.293556e-04
9.298325e-04
9.343624e-04
9.243488e-04
9.269714e-04
9.303093e-04
9.286404e-04
9.334087e-04
9.291172e-04
9.260178e-04
9.202957e-04
9.181499e-04
9.355545e-04
9.286404e-04
9.303093e-04
9.243488e-04
9.310246e-04
9.243488e-04
9.269714e-04
9.253025e-04
9.307861e-04
9.324551e-04
9.284019e-04
9.231567e-04
9.207726e-04
9.272099e-04
9.338856e-04
9.231567e-04
9.214878e-04
9.272099e-04
9.291172e-04
9.341240e-04
9.229183e-04
9.238720e-04
9.226799e-04
9.222031e-04
9.276867e-04
9.350777e-04
9.267330e-04
9.272099e-04
9.291172e-04
9.295940e-04
8.907318e-04
9.329319e-04
9.288788e-04
9.284019e-04
8.916855e-04
9.353161e-04
9.286404e-04
9.276867e-04
8.959770e-04
9.317398e-04
9.336472e-04
9.281635e-04
8.881092e-04
9.188652e-04
9.272099e-04
8.969307e-04
9.260178e-04
9.274483e-04
9.284019e-04
9.000301e-04
9.281635e-04
9.279251e-04
9.291172e-04
8.962154e-04
9.257793e-04
9.267330e-04
9.276867e-04
8.955002e-04
9.250641e-04
9.276867e-04
9.272099e-04
8.962154e-04
9.250641e-04
9.231567e-04
8.769035e-04
9.160042e-04
9.210110e-04
8.921623e-04
9.334087e-04
9.305477e-04
9.267330e-04
8.938313e-04
9.331703e-04
9.355545e-04
9.248257e-04
8.921623e-04
9.248257e-04
9.336472e-04
9.293556e-04
8.912086e-04
9.276867e-04
9.331703e-04
9.272099e-04
8.852482e-04
9.181499e-04
9.381771e-04
8.974075e-04
9.267330e-04
9.274483e-04
8.916855e-04
9.315014e-04
9.281635e-04
9.288788e-04
8.921623e-04
9.300709e-04
1.031876e-03
8.437634e-04
8.447170e-04
8.344650e-04
8.418560e-04
8.454323e-04
8.440018e-04
8.444786e-04
8.430481e-04
8.418560e-04
8.430481e-04
8.478165e-04
1.051188e-03
9.615421e-04
8.957386e-04
9.298325e-04
9.274483e-04
9.381771e-04
8.957386e-04
9.353161e-04
9.260178e-04
9.343624e-04
8.926392e-04
9.295940e-04
9.286404e-04
9.415150e-04
8.871555e-04
9.226799e-04
9.374619e-04
9.267330e-04
8.978844e-04
9.272099e-04
9.267330e-04
9.274483e-04
8.983612e-04
9.245872e-04
9.245872e-04
9.293556e-04
8.924007e-04
9.324551e-04
9.276867e-04
9.288788e-04
8.924007e-04
9.312630e-04
9.238720e-04
9.238720e-04
8.962154e-04
9.198189e-04
9.300709e-04
9.338856e-04
8.916855e-04
9.274483e-04
9.279251e-04
9.343624e-04
8.938313e-04
9.274483e-04
9.274483e-04
9.343624e-04
8.966923e-04
9.262562e-04
9.241104e-04
9.346008e-04
8.926392e-04
9.298325e-04
9.229183e-04
8.878708e-04
9.341240e-04
9.255409e-04
9.262562e-04
8.964539e-04
9.322166e-04
9.288788e-04
9.295940e-04
8.931160e-04
9.293556e-04
9.319782e-04
9.281635e-04
8.931160e-04
9.257793e-04
9.338856e-04
9.248257e-04
8.902550e-04
9.202957e-04
9.338856e-04
8.924007e-04
9.291172e-04
9.293556e-04
9.353161e-04
8.897781e-04
9.281635e-04
9.253025e-04
9.322166e-04
8.876324e-04
9.217262e-04
9.248257e-04
9.274483e-04
9.014606e-04
9.276867e-04
9.210110e-04
9.186268e-04
8.926392e-04
9.322166e-04
9.281635e-04
9.250641e-04
9.274483e-04
9.326935e-04
9.262562e-04
8.912086e-04
9.233952e-04
9.222031e-04
8.974075e-04
9.291172e-04
9.276867e-04
8.900166e-04
9.174347e-04
9.346008e-04
8.902550e-04
9.305477e-04
9.243488e-04
9.210110e-04
8.959770e-04
9.260178e-04
9.269714e-04
9.279251e-04
8.440018e-04
9.315014e-04
9.281635e-04
8.957386e-04
9.288788e-04
9.324551e-04
8.919239e-04
9.255409e-04
9.260178e-04
9.326935e-04
8.924007e-04
9.284019e-04
9.267330e-04
8.952618e-04
9.334087e-04
9.250641e-04
9.272099e-04
8.885860e-04
9.272099e-04
9.386539e-04
9.248257e-04
8.926392e-04
9.284019e-04
9.362698e-04
9.281635e-04
8.912086e-04
9.276867e-04
9.357929e-04
9.267330e-04
9.291172e-04
9.191036e-04
9.148121e-04
9.157658e-04
9.217262e-04
8.990765e-04
8.907318e-04
8.950233e-04
8.919239e-04
9.000301e-04
8.928776e-04
9.012222e-04
8.938313e-04
9.012222e-04
8.928776e-04
8.909702e-04
8.924007e-04
9.329319e-04
9.238720e-04
9.198189e-04
9.286404e-04
9.281635e-04
9.264946e-04
9.324551e-04
9.264946e-04
9.248257e-04
9.262562e-04
9.310246e-04
9.343624e-04
9.236336e-04
9.217262e-04
9.322166e-04
9.369850e-04
9.264946e-04
9.281635e-04
9.253025e-04
9.343624e-04
9.231567e-04
9.264946e-04
9.400845e-04
9.255409e-04
9.350777e-04
9.284019e-04
9.260178e-04
9.284019e-04
9.319782e-04
9.291172e-04
9.255409e-04
9.310246e-04
9.317398e-04
9.226799e-04
9.253025e-04
9.210110e-04
9.193420e-04
9.274483e-04
9.353161e-04
9.274483e-04
9.276867e-04
9.257793e-04
9.362698e-04
9.281635e-04
9.291172e-04
8.938313e-04
8.969307e-04
8.831024e-04
8.909702e-04
8.895397e-04
8.938313e-04
9.322166e-04
9.329319e-04
9.281635e-04
9.217262e-04
9.236336e-04
9.217262e-04
9.300709e-04
9.331703e-04
9.264946e-04
9.326935e-04
9.274483e-04
9.300709e-04
9.319782e-04
9.326935e-04
9.245872e-04
9.222031e-04
9.219646e-04
9.248257e-04
8.862019e-04
8.873940e-04
8.783340e-04
8.800030e-04
9.155273e-04
9.171963e-04
9.224415e-04
8.976460e-04
8.924007e-04
8.878708e-04
9.212494e-04
9.238720e-04
8.857250e-04
9.198189e-04
8.797646e-04
9.210110e-04
9.288788e-04
9.269714e-04
9.284019e-04
8.957386e-04
9.343624e-04
9.338856e-04
9.257793e-04
8.635521e-04
9.355545e-04
9.281635e-04
9.262562e-04
8.935928e-04
9.310246e-04
9.284019e-04
9.281635e-04
8.900166e-04
1.325130e-03
8.554459e-04
9.100437e-04
1.173973e-03
1.399755e-03
9.272099e-04
8.873940e-04
9.226799e-04
8.928776e-04
9.322166e-04
9.281635e-04
9.284019e-04
8.881092e-04
9.191036e-04
9.212494e-04
8.959770e-04
9.346008e-04
9.267330e-04
9.253025e-04
8.890629e-04
9.360313e-04
9.267330e-04
9.267330e-04
9.255409e-04
9.329319e-04
9.274483e-04
8.924007e-04
9.291172e-04
9.324551e-04
9.272099e-04
8.933544e-04
9.269714e-04
9.334087e-04
9.288788e-04
8.904934e-04
9.286404e-04
9.336472e-04
8.909702e-04
9.298325e-04
9.253025e-04
8.811951e-04
9.176731e-04
8.885860e-04
9.338856e-04
9.267330e-04
9.236336e-04
8.955002e-04
9.348392e-04
9.267330e-04
9.274483e-04
8.938313e-04
9.276867e-04
9.281635e-04
9.231567e-04
9.334087e-04
9.279251e-04
8.914471e-04
9.281635e-04
9.317398e-04
8.907318e-04
9.279251e-04
9.346008e-04
9.279251e-04
8.888245e-04
9.174347e-04
9.286404e-04
8.950233e-04
9.281635e-04
8.902550e-04
9.315014e-04
9.284019e-04
8.938313e-04
9.298325e-04
9.317398e-04
9.336472e-04
8.928776e-04
9.226799e-04
9.114742e-04
8.811951e-04
9.198189e-04
9.338856e-04
8.864403e-04
9.255409e-04
9.291172e-04
9.286404e-04
8.935928e-04
9.322166e-04
9.260178e-04
9.336472e-04
8.940697e-04
9.322166e-04
9.236336e-04
9.264946e-04
8.900166e-04
9.350777e-04
9.272099e-04
9.243488e-04
8.876324e-04
9.334087e-04
9.226799e-04
8.909702e-04
9.248257e-04
9.233952e-04
8.790493e-04
9.202957e-04
9.229183e-04
9.350777e-04
9.284019e-04
8.935928e-04
9.284019e-04
9.331703e-04
8.902550e-04
9.255409e-04
9.255409e-04
9.202957e-04
9.338856e-04
9.362698e-04
9.286404e-04
8.931160e-04
9.315014e-04
9.286404e-04
9.274483e-04
8.931160e-04
9.329319e-04
9.274483e-04
9.279251e-04
8.897781e-04
8.971691e-04
9.272099e-04
9.307861e-04
9.281635e-04
8.978844e-04
9.255409e-04
9.274483e-04
8.950233e-04
9.336472e-04
9.269714e-04
9.315014e-04
9.343624e-04
9.281635e-04
9.279251e-04
9.336472e-04
9.264946e-04
9.286404e-04
8.935928e-04
9.365082e-04
9.272099e-04
9.431839e-04
8.931160e-04
9.341240e-04
9.210110e-04
9.250641e-04
8.859634e-04
9.222031e-04
8.900166e-04
9.181499e-04
9.167194e-04
9.336472e-04
9.260178e-04
9.276867e-04
8.897781e-04
9.295940e-04
9.288788e-04
8.928776e-04
9.224415e-04
9.214878e-04
9.322166e-04
9.284019e-04
9.284019e-04
8.924007e-04
9.329319e-04
9.274483e-04
9.264946e-04
8.909702e-04
9.326935e-04
9.284019e-04
9.298325e-04
9.274483e-04
8.749962e-04
9.279251e-04
8.969307e-04
9.281635e-04
9.274483e-04
8.945465e-04
9.336472e-04
9.293556e-04
9.262562e-04
8.914471e-04
9.348392e-04
9.291172e-04
9.264946e-04
8.893013e-04
9.217262e-04
9.021759e-04
8.893013e-04
9.257793e-04
9.357929e-04
9.253025e-04
9.286404e-04
9.238720e-04
9.317398e-04
9.253025e-04
9.152889e-04
9.214878e-04
9.274483e-04
1.072645e-03
9.274483e-04
9.272099e-04
9.245872e-04
8.957386e-04
8.897781e-04
8.928776e-04
8.935928e-04
9.009838e-04
8.895397e-04
8.902550e-04
9.202957e-04
9.281635e-04
9.350777e-04
9.231567e-04
9.238720e-04
9.272099e-04
9.281635e-04
9.346008e-04
9.300709e-04
9.269714e-04
9.286404e-04
9.350777e-04
9.274483e-04
9.300709e-04
9.267330e-04
9.331703e-04
9.276867e-04
9.288788e-04
9.260178e-04
9.365082e-04
9.298325e-04
9.276867e-04
9.286404e-04
9.300709e-04
9.326935e-04
9.338856e-04
9.279251e-04
9.241104e-04
9.284019e-04
9.317398e-04
9.286404e-04
9.305477e-04
