2.110004e-04
1.728535e-04
1.511574e-04
1.351833e-04
1.740456e-04
1.523495e-04
1.511574e-04
1.375675e-04
1.688004e-04
1.499653e-04
1.504421e-04
1.418591e-04
1.671314e-04
1.499653e-04
1.504421e-04
1.339912e-04
1.685619e-04
1.506805e-04
1.509190e-04
1.366138e-04
1.530647e-04
1.497269e-04
1.525879e-04
1.411438e-04
1.692772e-04
1.478195e-04
1.504421e-04
1.373291e-04
1.711845e-04
1.513958e-04
1.523495e-04
1.325607e-04
1.690388e-04
1.523495e-04
1.511574e-04
1.356602e-04
1.718998e-04
1.502037e-04
1.423359e-04
1.685619e-04
1.561642e-04
1.380444e-04
1.680851e-04
1.492500e-04
1.492500e-04
1.411438e-04
1.683235e-04
1.494884e-04
1.499653e-04
1.373291e-04
1.680851e-04
1.335144e-04
1.504421e-04
1.404285e-04
1.664162e-04
1.492500e-04
1.504421e-04
1.375675e-04
1.678467e-04
1.502037e-04
1.375675e-04
1.685619e-04
1.468658e-04
1.490116e-04
1.413822e-04
1.709461e-04
1.468658e-04
1.499653e-04
1.375675e-04
1.721382e-04
1.471043e-04
1.499653e-04
1.273155e-04
1.742840e-04
1.473427e-04
1.497269e-04
1.373291e-04
1.754761e-04
1.468658e-04
1.492500e-04
1.409054e-04
1.716614e-04
1.461506e-04
1.497269e-04
1.399517e-04
1.688004e-04
1.468658e-04
1.497269e-04
1.354218e-04
1.721382e-04
1.466274e-04
1.499653e-04
1.351833e-04
1.742840e-04
1.475811e-04
1.502037e-04
1.347065e-04
1.699924e-04
1.471043e-04
1.487732e-04
1.404285e-04
1.499653e-04
1.347065e-04
1.504421e-04
1.406670e-04
1.494884e-04
1.325607e-04
1.502037e-04
1.411438e-04
1.499653e-04
1.320839e-04
1.499653e-04
1.370907e-04
1.523495e-04
1.380444e-04
1.499653e-04
1.385212e-04
1.499653e-04
1.323223e-04
1.523495e-04
1.416206e-04
1.502037e-04
1.358986e-04
1.499653e-04
1.373291e-04
1.497269e-04
1.347065e-04
1.499653e-04
1.409054e-04
1.499653e-04
1.320839e-04
1.504421e-04
1.409054e-04
1.490116e-04
1.349449e-04
1.494884e-04
1.406670e-04
1.499653e-04
1.347065e-04
1.497269e-04
1.356602e-04
1.502037e-04
1.356602e-04
1.497269e-04
1.389980e-04
1.492500e-04
1.358986e-04
1.482964e-04
1.356602e-04
1.502037e-04
1.347065e-04
1.492500e-04
1.387596e-04
1.499653e-04
1.375675e-04
1.502037e-04
1.380444e-04
1.559258e-04
1.692772e-04
1.521111e-04
1.723766e-04
1.411438e-04
1.478195e-04
1.504421e-04
1.473427e-04
1.375675e-04
1.482964e-04
1.385212e-04
1.468658e-04
1.373291e-04
1.502037e-04
1.409054e-04
1.456738e-04
1.378059e-04
1.502037e-04
1.406670e-04
8.904457e-03
1.366138e-04
1.504421e-04
1.420975e-04
1.440048e-04
1.370907e-04
1.504421e-04
1.437664e-04
1.466274e-04
1.804829e-04
1.499653e-04
1.840591e-04
1.463890e-04
1.623631e-04
1.499653e-04
1.742840e-04
1.513958e-04
1.592636e-04
1.523495e-04
1.704693e-04
1.499653e-04
1.685619e-04
1.499653e-04
1.716614e-04
1.499653e-04
1.592636e-04
1.494884e-04
1.728535e-04
1.463890e-04
1.637936e-04
1.504421e-04
1.683235e-04
1.494884e-04
1.587868e-04
1.490116e-04
1.740456e-04
1.497269e-04
1.592636e-04
1.499653e-04
1.728535e-04
1.502037e-04
1.585484e-04
1.497269e-04
1.730919e-04
1.492500e-04
1.649857e-04
1.499653e-04
1.702309e-04
1.497269e-04
1.597404e-04
1.492500e-04
1.723766e-04
1.497269e-04
1.654625e-04
1.466274e-04
1.499653e-04
1.363754e-04
1.511574e-04
1.370907e-04
1.497269e-04
1.382828e-04
1.502037e-04
1.382828e-04
1.516342e-04
1.411438e-04
1.537800e-04
1.413822e-04
1.499653e-04
1.380444e-04
1.497269e-04
1.347065e-04
1.499653e-04
1.370907e-04
1.494884e-04
1.356602e-04
1.494884e-04
1.378059e-04
1.499653e-04
1.375675e-04
1.497269e-04
1.380444e-04
1.506805e-04
1.406670e-04
1.492500e-04
1.404285e-04
1.494884e-04
1.363754e-04
1.475811e-04
1.378059e-04
1.499653e-04
1.349449e-04
1.497269e-04
1.349449e-04
1.466274e-04
1.380444e-04
1.494884e-04
1.351833e-04
1.478195e-04
1.409054e-04
1.502037e-04
1.294613e-04
1.473427e-04
1.356602e-04
1.499653e-04
1.401901e-04
1.494884e-04
1.363754e-04
1.494884e-04
1.361370e-04
1.499653e-04
1.380444e-04
1.497269e-04
1.435280e-04
1.499653e-04
1.358986e-04
1.492500e-04
1.406670e-04
1.502037e-04
1.349449e-04
1.497269e-04
1.349449e-04
1.497269e-04
1.325607e-04
1.504421e-04
1.351833e-04
1.485348e-04
1.349449e-04
1.502037e-04
1.368523e-04
1.504421e-04
1.354218e-04
1.497269e-04
1.356602e-04
1.506805e-04
1.375675e-04
1.478195e-04
1.347065e-04
1.487732e-04
1.387596e-04
1.492500e-04
1.378059e-04
1.690388e-04
1.466274e-04
1.494884e-04
1.406670e-04
1.718998e-04
1.468658e-04
1.499653e-04
1.406670e-04
1.718998e-04
1.451969e-04
1.502037e-04
1.373291e-04
1.776218e-04
1.468658e-04
1.490116e-04
1.351833e-04
1.721382e-04
1.463890e-04
1.502037e-04
1.406670e-04
1.714230e-04
1.471043e-04
1.490116e-04
1.375675e-04
1.721382e-04
1.468658e-04
1.494884e-04
1.349449e-04
1.680851e-04
1.471043e-04
1.499653e-04
1.380444e-04
1.709461e-04
1.451969e-04
1.497269e-04
1.375675e-04
1.721382e-04
1.471043e-04
1.494884e-04
1.375675e-04
1.733303e-04
1.449585e-04
1.497269e-04
1.378059e-04
1.711845e-04
1.473427e-04
1.492500e-04
1.387596e-04
1.697540e-04
1.461506e-04
1.499653e-04
1.273155e-04
1.716614e-04
1.471043e-04
1.502037e-04
1.411438e-04
1.714230e-04
1.482964e-04
1.494884e-04
1.406670e-04
1.692772e-04
1.468658e-04
1.497269e-04
1.420975e-04
1.685619e-04
1.466274e-04
1.502037e-04
1.368523e-04
1.735687e-04
1.449585e-04
1.502037e-04
1.409054e-04
1.690388e-04
1.559258e-04
1.375675e-04
1.695156e-04
1.499653e-04
1.504421e-04
1.347065e-04
1.683235e-04
1.499653e-04
1.459122e-04
1.370907e-04
1.685619e-04
1.506805e-04
1.499653e-04
1.342297e-04
1.707077e-04
1.485348e-04
1.502037e-04
1.380444e-04
1.688004e-04
1.499653e-04
1.502037e-04
1.349449e-04
1.685619e-04
1.497269e-04
1.494884e-04
1.306534e-04
1.497269e-04
1.342297e-04
1.499653e-04
1.351833e-04
1.499653e-04
1.363754e-04
1.504421e-04
1.387596e-04
1.499653e-04
1.347065e-04
1.492500e-04
1.373291e-04
1.492500e-04
1.416206e-04
1.499653e-04
1.351833e-04
1.490116e-04
1.366138e-04
1.497269e-04
1.389980e-04
1.499653e-04
1.344681e-04
1.487732e-04
1.375675e-04
1.502037e-04
1.401901e-04
1.516342e-04
1.401901e-04
1.499653e-04
1.370907e-04
1.502037e-04
1.409054e-04
1.499653e-04
1.347065e-04
1.492500e-04
1.375675e-04
1.497269e-04
1.368523e-04
1.499653e-04
1.351833e-04
1.494884e-04
1.349449e-04
1.504421e-04
1.375675e-04
1.499653e-04
1.385212e-04
1.499653e-04
1.404285e-04
1.504421e-04
1.375675e-04
1.504421e-04
1.378059e-04
1.494884e-04
1.342297e-04
1.509190e-04
1.370907e-04
1.497269e-04
1.375675e-04
1.499653e-04
1.404285e-04
1.494884e-04
1.351833e-04
1.480579e-04
1.382828e-04
1.499653e-04
1.368523e-04
1.502037e-04
1.378059e-04
1.494884e-04
1.380444e-04
1.494884e-04
1.368523e-04
1.504421e-04
1.404285e-04
1.533031e-04
1.347065e-04
1.497269e-04
1.385212e-04
1.466274e-04
1.318455e-04
1.499653e-04
1.380444e-04
1.497269e-04
1.323223e-04
1.499653e-04
1.349449e-04
1.492500e-04
1.344681e-04
1.492500e-04
1.378059e-04
1.502037e-04
1.375675e-04
1.509190e-04
1.366138e-04
1.499653e-04
1.313686e-04
1.499653e-04
1.404285e-04
1.504421e-04
1.354218e-04
1.494884e-04
1.375675e-04
1.490116e-04
1.351833e-04
1.506805e-04
1.349449e-04
1.506805e-04
1.316071e-04
1.506805e-04
1.375675e-04
1.540184e-04
1.318455e-04
1.502037e-04
1.411438e-04
1.506805e-04
1.325607e-04
1.466274e-04
1.404285e-04
1.499653e-04
1.337528e-04
1.499653e-04
1.380444e-04
1.502037e-04
1.380444e-04
1.490116e-04
1.401901e-04
1.504421e-04
1.313686e-04
1.494884e-04
1.394749e-04
1.513958e-04
1.320839e-04
1.490116e-04
1.411438e-04
1.504421e-04
1.320839e-04
1.528263e-04
1.401901e-04
1.516342e-04
1.342297e-04
1.499653e-04
1.366138e-04
1.497269e-04
1.351833e-04
1.502037e-04
1.409054e-04
1.492500e-04
1.344681e-04
1.499653e-04
1.406670e-04
1.502037e-04
1.313686e-04
1.497269e-04
1.413822e-04
1.494884e-04
1.344681e-04
1.502037e-04
1.406670e-04
1.497269e-04
1.366138e-04
1.482964e-04
1.401901e-04
1.506805e-04
1.347065e-04
1.497269e-04
1.382828e-04
1.499653e-04
1.351833e-04
1.499653e-04
1.461506e-04
1.497269e-04
1.373291e-04
1.494884e-04
1.373291e-04
1.502037e-04
1.347065e-04
1.525879e-04
1.387596e-04
1.499653e-04
1.347065e-04
1.509190e-04
1.382828e-04
1.564026e-04
1.690388e-04
1.475811e-04
1.711845e-04
1.513958e-04
1.711845e-04
1.466274e-04
1.685619e-04
1.502037e-04
1.714230e-04
1.468658e-04
1.683235e-04
1.497269e-04
1.695156e-04
1.444817e-04
1.716614e-04
1.502037e-04
1.680851e-04
1.471043e-04
1.692772e-04
1.497269e-04
1.711845e-04
1.475811e-04
1.678467e-04
1.492500e-04
1.685619e-04
1.466274e-04
1.685619e-04
1.506805e-04
1.678467e-04
1.471043e-04
1.668930e-04
1.480579e-04
1.678467e-04
1.471043e-04
1.480579e-04
1.347065e-04
1.683235e-04
1.475811e-04
1.463890e-04
1.382828e-04
1.716614e-04
1.468658e-04
1.497269e-04
1.406670e-04
1.716614e-04
1.494884e-04
1.502037e-04
1.406670e-04
1.716614e-04
1.468658e-04
1.499653e-04
1.375675e-04
1.676083e-04
1.466274e-04
1.499653e-04
1.344681e-04
1.711845e-04
1.475811e-04
1.485348e-04
1.387596e-04
1.602173e-04
1.540184e-04
1.497269e-04
1.356602e-04
1.688004e-04
1.475811e-04
1.492500e-04
1.378059e-04
1.587868e-04
1.473427e-04
1.499653e-04
1.337528e-04
1.664162e-04
1.468658e-04
1.499653e-04
1.354218e-04
1.654625e-04
1.466274e-04
1.418591e-04
1.373291e-04
1.745224e-04
1.478195e-04
1.499653e-04
1.404285e-04
1.699924e-04
1.468658e-04
1.499653e-04
1.349449e-04
1.711845e-04
1.466274e-04
1.509190e-04
1.409054e-04
1.683235e-04
1.466274e-04
1.497269e-04
1.354218e-04
1.711845e-04
1.454353e-04
1.492500e-04
1.354218e-04
1.695156e-04
1.456738e-04
1.504421e-04
1.373291e-04
1.740456e-04
1.473427e-04
1.497269e-04
1.356602e-04
1.723766e-04
1.471043e-04
1.525879e-04
1.349449e-04
1.745224e-04
1.487732e-04
1.494884e-04
1.382828e-04
1.716614e-04
1.473427e-04
1.499653e-04
1.399517e-04
1.680851e-04
1.451969e-04
1.497269e-04
1.380444e-04
1.695156e-04
1.471043e-04
1.528263e-04
1.363754e-04
1.714230e-04
1.466274e-04
1.497269e-04
1.385212e-04
1.509190e-04
1.344681e-04
1.492500e-04
1.389980e-04
1.504421e-04
1.318455e-04
1.506805e-04
1.375675e-04
1.528263e-04
1.382828e-04
1.499653e-04
1.425743e-04
1.494884e-04
1.356602e-04
1.502037e-04
1.413822e-04
1.497269e-04
1.354218e-04
1.499653e-04
1.387596e-04
1.497269e-04
1.363754e-04
1.513958e-04
1.389980e-04
1.502037e-04
1.313686e-04
1.504421e-04
1.389980e-04
1.499653e-04
1.339912e-04
1.502037e-04
1.363754e-04
1.499653e-04
1.347065e-04
1.502037e-04
1.406670e-04
1.504421e-04
1.378059e-04
1.511574e-04
1.387596e-04
1.497269e-04
1.313686e-04
1.497269e-04
1.406670e-04
1.504421e-04
1.354218e-04
1.511574e-04
1.430511e-04
1.492500e-04
1.327991e-04
1.485348e-04
1.499653e-04
1.499653e-04
1.392365e-04
1.504421e-04
1.416206e-04
1.497269e-04
1.311302e-04
1.499653e-04
1.420975e-04
1.499653e-04
1.380444e-04
1.492500e-04
1.375675e-04
1.497269e-04
1.349449e-04
1.502037e-04
1.380444e-04
1.497269e-04
1.351833e-04
1.494884e-04
1.349449e-04
1.504421e-04
1.347065e-04
1.516342e-04
1.382828e-04
1.502037e-04
1.361370e-04
1.499653e-04
1.382828e-04
1.494884e-04
1.380444e-04
1.492500e-04
1.349449e-04
1.497269e-04
1.320839e-04
1.502037e-04
1.413822e-04
1.492500e-04
1.375675e-04
1.504421e-04
1.380444e-04
1.504421e-04
1.380444e-04
1.499653e-04
1.366138e-04
1.494884e-04
1.313686e-04
1.504421e-04
1.354218e-04
1.490116e-04
1.347065e-04
1.487732e-04
1.411438e-04
1.504421e-04
1.320839e-04
1.497269e-04
1.351833e-04
1.494884e-04
1.378059e-04
1.499653e-04
1.349449e-04
1.502037e-04
1.313686e-04
1.509190e-04
1.392365e-04
1.499653e-04
1.349449e-04
1.497269e-04
1.387596e-04
1.504421e-04
1.342297e-04
1.502037e-04
1.430511e-04
1.492500e-04
1.332760e-04
1.499653e-04
1.349449e-04
1.511574e-04
1.323223e-04
1.492500e-04
1.382828e-04
1.497269e-04
1.349449e-04
1.502037e-04
1.375675e-04
1.502037e-04
1.370907e-04
1.506805e-04
1.378059e-04
1.492500e-04
1.349449e-04
1.494884e-04
1.378059e-04
1.497269e-04
1.358986e-04
1.485348e-04
1.401901e-04
1.504421e-04
1.347065e-04
1.497269e-04
1.378059e-04
1.492500e-04
1.349449e-04
1.494884e-04
1.380444e-04
1.499653e-04
1.378059e-04
1.528263e-04
1.409054e-04
1.492500e-04
1.375675e-04
1.494884e-04
1.347065e-04
1.492500e-04
1.325607e-04
1.499653e-04
1.397133e-04
1.494884e-04
1.347065e-04
1.499653e-04
1.366138e-04
1.494884e-04
1.378059e-04
1.478195e-04
1.387596e-04
1.490116e-04
1.382828e-04
1.494884e-04
1.349449e-04
1.494884e-04
1.342297e-04
1.499653e-04
1.409054e-04
1.499653e-04
1.378059e-04
1.497269e-04
1.349449e-04
1.499653e-04
1.406670e-04
1.497269e-04
1.337528e-04
1.499653e-04
1.347065e-04
1.497269e-04
1.349449e-04
1.492500e-04
1.347065e-04
1.502037e-04
1.380444e-04
1.502037e-04
1.347065e-04
1.487732e-04
1.406670e-04
1.502037e-04
1.406670e-04
1.494884e-04
1.375675e-04
1.497269e-04
1.347065e-04
1.504421e-04
1.375675e-04
1.497269e-04
1.349449e-04
1.502037e-04
1.404285e-04
1.626015e-04
1.502037e-04
1.370907e-04
1.745224e-04
1.497269e-04
1.497269e-04
1.382828e-04
1.692772e-04
1.497269e-04
1.506805e-04
1.308918e-04
1.716614e-04
1.487732e-04
1.490116e-04
1.332760e-04
1.683235e-04
1.513958e-04
1.506805e-04
1.335144e-04
1.666546e-04
1.497269e-04
1.499653e-04
1.347065e-04
2.057552e-04
1.642704e-04
1.497269e-04
1.497269e-04
1.652241e-04
1.518726e-04
1.494884e-04
1.375675e-04
1.716614e-04
1.521111e-04
1.480579e-04
1.351833e-04
1.595020e-04
1.506805e-04
1.499653e-04
1.375675e-04
1.592636e-04
1.502037e-04
1.506805e-04
1.380444e-04
1.595020e-04
1.509190e-04
1.504421e-04
1.347065e-04
1.587868e-04
1.511574e-04
1.499653e-04
1.409054e-04
1.590252e-04
1.499653e-04
