6.881289e-01
6.907146e-01
6.868882e-01
6.888909e-01
6.900032e-01
6.889956e-01
6.902428e-01
6.893892e-01
6.911135e-01
6.907184e-01
6.907825e-01
6.906166e-01
6.882195e-01
6.905739e-01
6.898844e-01
6.910391e-01
6.892273e-01
6.908765e-01
6.902101e-01
6.905482e-01
6.962152e-01
6.909974e-01
6.905320e-01
6.893003e-01
6.874397e-01
6.892834e-01
6.898932e-01
6.885252e-01
6.882861e-01
6.892281e-01
6.893756e-01
6.877325e-01
6.857588e-01
6.887057e-01
6.896839e-01
6.892426e-01
6.881845e-01
6.876264e-01
6.895261e-01
6.900055e-01
6.887345e-01
6.879489e-01
6.886225e-01
6.876705e-01
6.898148e-01
6.885722e-01
6.904266e-01
6.874373e-01
6.876297e-01
6.896491e-01
6.875956e-01
6.896954e-01
6.887228e-01
6.901212e-01
6.882586e-01
6.869452e-01
6.890686e-01
6.865671e-01
6.885240e-01
6.866865e-01
6.893876e-01
6.880214e-01
6.870608e-01
6.867483e-01
6.854217e-01
6.863911e-01
6.873214e-01
6.891067e-01
6.873040e-01
6.934018e-01
6.985748e-01
6.985049e-01
6.970446e-01
6.983960e-01
6.973560e-01
7.023630e-01
7.089801e-01
7.075369e-01
7.076919e-01
7.079029e-01
7.077537e-01
7.129662e-01
7.069085e-01
7.077715e-01
7.078638e-01
7.113004e-01
